1.073784209079782609e-15
7.684446447318546125e-16
1.050620662325534714e-15
1.179491377832122186e-15
1.094145083208842344e-15
9.022446969951974407e-16
6.304542505288307983e-16
7.628217796553668982e-16
9.298028762958970287e-16
8.784349375220769193e-16
8.261552138045003016e-16
5.925651442170004982e-16
7.518892650756902281e-16
8.795623086436136430e-16
8.303780105757906190e-16
8.742350320821730072e-16
1.038873375333684654e-15
8.745785818283401228e-16
8.871445341493519854e-16
7.963658241553949523e-16
9.119188127846950218e-16
1.122388088471730332e-15
8.503157998357070426e-16
5.276664293401273242e-16
4.174529771512717754e-16
7.786143279593101742e-16
8.661779081872739495e-16
2.769280223332445732e-16
5.241241583237742774e-16
6.084195206691179549e-16
6.441687436791184836e-16
9.386551346286841977e-16
3.921162120721297742e-16
6.157024392190297554e-16
7.127252257276185948e-16
5.276674414461325350e-16
2.906019508631937623e-16
4.878730462157167177e-16
7.386276219954689880e-16
6.554358743779209647e-16
6.526124318553161694e-16
6.595430526327829481e-16
6.505486652065211561e-16
6.640325533026058188e-16
1.244684711682864626e-15
8.671145781362955682e-16
6.478854345569919819e-16
2.557814627916786769e-16
4.508243335283497142e-16
4.255270602212582976e-16
3.815507537715699419e-16
1.402650519457596527e-16
3.565865525213433927e-16
6.876823969939766195e-16
7.811331798684783030e-16
3.819923086237344297e-16
3.397236816355777116e-16
5.828412836300779431e-16
5.276731337612662957e-16
3.577131610002041094e-16
2.598995941690236025e-16
4.062552379159703866e-16
5.004414642060679371e-16
6.781486524279265430e-16
6.816861264894705082e-16
6.750215298909669906e-16
4.835015067107424873e-16
1.578316062731309297e-16
1.842044709542764574e-16
2.821453072374565558e-17
3.087139114108796294e-16
5.693316144846472572e-16
4.430077289854417386e-16
5.529581662060607936e-16
7.783672766086709558e-16
6.916880537907641502e-16
5.243619856910486043e-16
2.821544063257857242e-16
2.499425141032866388e-16
5.538101801525437956e-16
6.585269150569792625e-16
3.954152097969303397e-16
1.824167574035725086e-16
2.435698799901425456e-16
4.925160167865477792e-16
4.666712055836725909e-16
4.106150307237353710e-16
1.768787683514314312e-16
3.588042868021379964e-16
6.309630101389970468e-16
5.198902517661868018e-16
5.402119804258458467e-16
9.499860182369426241e-16
5.065382559250152029e-16
4.352777832157810773e-16
2.336544024057332482e-16
2.877104253702242730e-16
4.375771285205450412e-16
3.144693781714542178e-16
2.970823472792669160e-16
4.596083528805444187e-16
4.301551822996777978e-16
5.506006163146412354e-16
5.227107180123166791e-16
3.796304682640430774e-16
4.301443913306540485e-16
5.029716174207806858e-16
5.850630277455707553e-16
2.920974553574106087e-16
1.201055522150444150e-15
5.918352098133427336e-16
3.968800399198440848e-16
5.849699223128129034e-16
2.811663562238250594e-16
3.571995458091547951e-16
6.968678614902830993e-17
3.108331859228676482e-16
1.853679255624819562e-16
8.657606199104137780e-18
2.321100823833567821e-16
1.241482691719837586e-15
5.040638260954349839e-16
1.051204963671175733e-16
4.017709576625010510e-17
4.487210417493658467e-17
1.848930188716133181e-16
4.809328381190739674e-16
2.659204784755382346e-16
1.704393725382835965e-16
3.815945968427963459e-17
6.398731779282588811e-16
2.614084755512448778e-16
2.651421045379797684e-16
4.374472865175006959e-17
4.669630385923576301e-19
1.743461662926496298e-16
1.110567807355525075e-16
3.694198472214721701e-17
4.849303307423596383e-16
3.864735349977157558e-16
4.004901601523671984e-16
4.090317692126291930e-16
5.913998342897681504e-17
6.207235350349951628e-17
3.793906989099582234e-16
5.618867114191725481e-17
1.802962071913973019e-16
2.330216741425686248e-16
6.383927885464322708e-16
4.319752011866144807e-16
2.012553482736154681e-16
9.966571725681773274e-17
4.514426919934590057e-16
3.540668725814633224e-16
0.000000000000000000e+00
5.269875161082446177e-17
4.111048018730837954e-16
3.275679429298573001e-16
1.004069113920619694e-16
1.855731728263819272e-16
1.994190233998254059e-16
3.224263792543251433e-17
3.237770038297813042e-17
7.791692652752822149e-17
1.484520235423537712e-17
4.108356069085702601e-16
1.004684821159169084e-15
9.992542806396595352e-16
6.496043468101961130e-16
2.639998611386287907e-16
9.421442942681642494e-17
2.134177860360037588e-17
4.845701252561130412e-17
1.541336632732664397e-16
4.358411778063515521e-18
2.569102387889529891e-16
3.483772912435556448e-16
9.379694707190986137e-17
3.782397703372937512e-16
5.002033463290143906e-16
3.534972294851401000e-16
2.482463660358010957e-17
2.689611927248574236e-16
2.146815787691966160e-16
3.021743294443933791e-16
5.192020134564956899e-16
6.116502314859768407e-16
8.184229238844724453e-16
4.785414976542343453e-16
1.026447461070861727e-16
1.321446690628590412e-16
4.740152311523678429e-16
3.199590993950382907e-16
3.851823083330139017e-17
3.296817722548238954e-16
3.346976307335224391e-16
5.199253684490487713e-17
2.799239577013832697e-16
2.928165930255187385e-16
1.617682503309411356e-16
4.856308406143307658e-16
6.057610103590717562e-16
4.688704970281006194e-16
4.049925668736296806e-16
1.803531243095424831e-16
2.962601794073514552e-16
3.449278037161386062e-16
1.827517373200680695e-16
5.476930881877706162e-16
8.982627230249644786e-17
5.973845077990128284e-16
7.056601885227172200e-16
7.865239104479863131e-16
8.941670485352799815e-16
4.830391917979861757e-16
2.485841094478066728e-16
1.939776433265890448e-16
1.627050476315933778e-16
1.802145650014142207e-16
9.264238102257537276e-17
1.829843518345304226e-16
5.914596607115426882e-16
5.844505911811402853e-16
7.373816320613486330e-17
4.090785554205648198e-16
4.835800291926188647e-16
1.458564095759156971e-16
1.227177490162044664e-15
1.785593547753359682e-16
5.133871596365796347e-16
6.230644710055202661e-16
2.474087159046870304e-16
4.865830746883340221e-16
4.670959690993835104e-16
3.318224775285022186e-16
1.620645570124891695e-16
1.548126184629196789e-16
1.487605840558655997e-17
2.239176488936173809e-16
9.807026939776108741e-17
1.094972805733673784e-16
3.262619536209878571e-17
4.422781785255172963e-16
1.943772599470685332e-16
2.672565505809820130e-16
3.162993730240234836e-16
8.675089594975499948e-16
8.918589916892269495e-16
3.566615433797888388e-16
6.490821229732801574e-16
4.018630644426966179e-16
5.168724428510147131e-17
1.363570907653854325e-16
1.431248048047803641e-16
7.726961806791619182e-19
4.443338347281072204e-16
3.870924251566024009e-16
3.967632870076146791e-16
1.045799656535589357e-15
1.222446070686204751e-15
6.593348557243394990e-16
3.147730149555528496e-16
3.912997881921547495e-16
2.694432402700406015e-16
3.347433001596825947e-16
2.424482919080590278e-16
2.165129049467774395e-16
5.656776322774554223e-17
8.052083291969157629e-17
6.934077431648625937e-16
1.704832245783551749e-16
4.049619838976195560e-16
5.306861916115574813e-16
2.860744011155577181e-16
4.506825358735514302e-16
3.012694740456380080e-16
4.232941591287787245e-16
3.027700882438007476e-16
3.374013462995584845e-16
2.366475309640038632e-16
1.479631206980334057e-16
4.311316261444242499e-16
6.117622192414517651e-16
8.272480908600348261e-16
6.659021589655395176e-16
7.761554035111934762e-16
2.658278576905988662e-16
2.561601244221149961e-16
3.198145898059046456e-16
8.832430347572351331e-16
7.778158940891816278e-16
7.931443500363058556e-16
9.354402744146415629e-16
4.259684208512357287e-16
6.230486880923891574e-16
1.074012771996900966e-15
7.269471804577422833e-16
7.156593965432442380e-16
7.954475844200755901e-16
9.593781879873820833e-16
1.420559693755407453e-15
6.629227290634166404e-16
6.017591008589503137e-16
