8.769110110077261233e-18
4.442959154191885439e-17
6.442463296990918048e-18
1.266100286541241088e-17
6.106284853995348768e-18
2.524672537322701932e-17
3.927561477288203465e-17
1.805156339904858444e-17
1.894715378851787112e-18
1.262316219052998377e-17
3.107047485519969313e-18
2.953552636622731413e-17
2.076614795261174844e-17
1.439473732854419642e-17
8.785430712585377553e-18
2.128514324427003347e-17
4.981188084526029037e-18
1.768937691418894457e-17
1.140262696984846240e-17
9.354768130394106127e-18
2.165459080901435751e-18
4.132534060549558549e-18
1.933502755125982919e-17
5.752876368026893191e-17
5.386946965095569566e-17
3.091524815143934884e-17
2.001734255262250804e-17
6.059122387842413062e-17
3.274313086048794111e-17
3.755728718594683963e-17
1.572732977337924262e-17
1.428411395426049987e-17
3.987209000724639089e-17
2.288433048131342181e-17
2.786449709948112083e-18
3.681056337809990557e-17
4.768519732655568573e-17
2.193497300497839802e-17
1.940615869544292727e-18
8.243891983554164268e-18
6.995568177232575492e-18
1.220433399545899095e-17
2.197782657943512889e-17
1.386928815776138998e-17
2.951731593762343161e-17
2.304364949393607487e-17
2.544185167694713860e-17
5.613607588795127932e-17
5.163484372748751550e-17
4.847803848997617032e-17
4.120763633989411658e-17
5.771258841048070777e-17
1.919828188369108776e-17
6.234953941981232994e-18
1.568607977525981954e-17
3.246563871075703881e-17
8.783532746587833097e-18
6.423925948807874367e-18
6.831957430152181875e-18
2.740499839338270626e-17
3.875298445888701867e-17
3.360086669803812210e-17
2.920261558641512064e-17
6.709017913188030564e-18
6.682767951703565533e-18
1.366385623898938025e-17
2.497728005290028287e-17
3.695735529991662917e-17
4.626306272658276964e-17
7.269431831268156165e-17
5.636082324480198096e-17
2.938496935149942818e-17
3.472761996894580895e-17
2.867767796521142003e-17
1.906370993999685394e-17
1.797459319650771226e-18
2.260827852268815328e-17
5.627381844612804593e-17
4.099635902226453450e-17
2.749902726523463048e-17
1.177760763151051138e-17
1.463995387220992290e-17
3.140883644347559576e-17
2.842757571397186765e-17
1.571012190718640316e-17
4.234417427616258332e-18
1.989738142657642220e-17
2.538945915722972397e-17
2.377948502566535082e-17
5.449476689578357946e-19
1.154784594849090675e-17
1.064345293353338144e-17
7.097996785693079340e-18
1.468270960534805409e-17
1.190681959499566654e-17
1.400233434316641006e-17
1.163429362754223216e-17
1.131668766339356377e-17
2.846027173404655369e-17
2.300253568282618258e-17
4.607638221755290051e-18
6.779195423280506699e-18
8.772027793996106140e-18
6.773312101112685178e-18
1.152913081874667465e-17
5.525713209550995189e-18
3.643296905478128222e-18
3.806791199476459304e-18
1.695972592657771148e-17
5.889934017658380302e-17
2.075142990714104389e-17
1.359008311363623657e-18
7.314034033554551538e-18
3.953335587144277047e-17
3.519076702674868162e-17
6.048256778969425783e-17
7.548011544131854505e-17
5.085054774205627712e-17
3.170771792024286228e-17
1.478437324545463974e-17
6.171511445137843690e-17
1.272671877894469785e-17
3.003967056006131655e-18
1.685248645184190904e-17
2.545565009619480101e-17
3.905694847783386134e-17
5.251096556844938484e-18
7.541715783312360457e-18
1.644375208942663483e-17
2.733303330069454720e-17
7.682264631526073779e-18
3.726477279797708707e-17
4.767484221158551047e-17
2.260239692392148000e-17
3.845087181772544859e-17
2.576235398244725192e-17
2.120724581616003493e-17
2.510346312851025482e-17
1.122545216739653795e-17
3.377815773187290826e-18
1.823209183828051720e-19
2.643221587278063150e-18
1.929643017594575137e-17
2.263429531798721850e-17
1.616400152556905239e-17
7.344257345822322446e-18
2.422802557796748349e-17
1.163764913499247845e-17
3.606695219296938848e-17
2.185558096629577096e-17
1.296208959646287396e-17
8.418426546172239849e-19
4.610052880508665314e-17
2.955252388914697406e-17
1.026504748559635783e-18
1.673443372335855811e-18
1.964587774222367195e-17
1.888154612651520540e-17
7.142563065845673174e-18
7.133821696527104664e-18
1.866555961125050586e-18
5.420584468712031731e-18
1.596318052272505757e-17
1.029941575916936063e-17
1.791657071686179677e-17
6.698319382306032574e-18
4.061943212936076496e-17
2.766605334383823366e-17
1.483028492811952122e-17
4.419590008258728484e-17
9.554512426426713597e-17
6.652860575228179289e-17
3.662710850226996062e-17
2.911259396972085613e-17
1.737983131032816653e-17
5.956719386658970934e-18
8.799932903102772625e-18
3.176863153420841219e-18
2.551114847012515188e-17
2.646849296310679906e-17
2.924642669352529438e-17
9.773262935847388902e-18
5.430562851090305081e-18
2.103742207585819922e-17
1.434719003357386050e-17
2.433311936785023155e-17
2.184052948350661375e-17
3.492291833555126566e-17
6.655648731192163892e-18
2.356437095747956315e-17
4.464080560117898864e-17
6.188532857999077072e-17
4.281451910619739614e-17
8.079350189930927924e-18
1.836496481263602926e-17
2.322870831163691778e-17
6.888709783194433773e-18
1.731996653760789795e-17
2.382146298228263116e-17
1.856690710271188757e-17
1.289701493318182234e-17
8.966333334869832515e-18
1.186757398485649018e-17
9.192907742281594130e-18
1.818423398847211776e-17
3.496337041277015204e-18
6.969765061664799189e-18
2.323679635954649481e-17
7.453554909074909619e-18
4.466369494134093940e-17
5.954835287153588699e-17
6.439658831771718500e-17
6.264708590108590891e-17
7.411613666988109222e-17
5.357808342978343645e-17
3.096255855073299282e-17
2.720140905409934227e-17
3.018426454327463212e-17
4.124776693709068716e-17
3.476764814087276926e-17
1.747699066848180554e-17
1.900002618407105664e-17
2.355037264934033285e-17
2.409316925309543529e-17
4.120688607470110617e-17
3.228965465044029202e-17
7.347828043775338885e-18
5.970613328728983360e-17
1.531729891960550252e-17
4.052604407394219292e-17
5.317712188718606081e-17
2.853332300207997517e-17
1.117129203104379291e-18
4.355801799888414017e-19
1.482946438236893133e-17
5.609604459929434287e-19
1.019565423473988174e-18
2.893284173073887619e-17
7.878643421437056021e-18
1.385513035404894053e-17
1.517439580746737841e-17
6.869462983900738559e-18
2.209988830702967815e-17
4.652908032146491774e-18
3.345871003843940801e-18
1.559791433126907947e-17
3.864786557574385700e-17
2.197552479560340927e-17
2.338771425615799493e-18
1.095057318558304413e-18
1.496912315697665901e-17
5.225801819969511613e-17
3.921725777331720486e-17
4.701230305688622733e-17
3.316274117336002320e-17
5.607627356632004564e-17
5.557014887868471658e-17
1.355796900631228577e-18
3.804978382599268332e-17
1.831655662871446852e-17
3.108339532635479783e-18
7.247770149409147723e-18
4.943972480916973589e-18
2.923846768383135070e-18
1.074805004995045872e-17
1.033451436765884856e-18
1.299084507129753041e-17
2.561001106978633742e-17
7.916294556004839844e-18
2.896602434584131590e-17
7.718485606927622367e-18
9.361286856646641514e-18
2.811303516111007151e-17
1.766359757496438506e-17
2.094369509375259476e-18
1.450576521154398372e-17
1.594218477144571597e-18
9.668966190896180409e-18
2.795356157387487165e-17
2.019961918747157379e-18
1.731876495389096068e-17
2.948846234971972236e-17
4.532234074867483934e-17
4.302824563741297425e-17
4.548068315563706664e-17
5.675631403366948307e-17
1.026265836993352870e-17
1.548444836813412435e-17
2.879687462187724010e-17
4.926042911708602650e-17
3.621839640969899124e-17
3.840197458379583485e-17
3.202615391255716683e-17
2.509951699437333305e-17
4.523469067821457555e-17
6.862767290970114106e-17
6.015287946051841440e-17
3.714587747079220301e-17
7.319660943717979673e-17
6.958397254082622735e-17
7.983156722796217601e-17
3.137045491239825063e-17
4.749903385802114868e-17
