1.310301419392046587e-14
1.314285627513031728e-14
1.347754534976825625e-14
1.335482679386788116e-14
1.325185496950434849e-14
1.313423489569192128e-14
1.315333047037414352e-14
1.320237164291564775e-14
1.340963398215677353e-14
1.342665335086695888e-14
1.344235502513779219e-14
1.317316311822265131e-14
1.323949870090841840e-14
1.339043103585966507e-14
1.360037362415395446e-14
1.370866379074036952e-14
1.360556195761557225e-14
1.362605217933225943e-14
1.397448531620989221e-14
1.406178272933127452e-14
1.410800479114344797e-14
1.423801071254233567e-14
1.409781795877741346e-14
1.401537876309030934e-14
1.392460508847691920e-14
1.409518427758106100e-14
1.422549581608968244e-14
1.465158810098185164e-14
1.464533223734912174e-14
1.460392388113752732e-14
1.432643621873839214e-14
1.465043788008881574e-14
1.438051980696811769e-14
1.476685202142502216e-14
1.497198877394854068e-14
1.488277285813744076e-14
1.476530762258049551e-14
1.491759159891073376e-14
1.516448606266244849e-14
1.512992199293052751e-14
1.525692070351877254e-14
1.548848982873079951e-14
1.543583039126035018e-14
1.503704648917364129e-14
1.486033268855910230e-14
1.449069274779006602e-14
1.524209241089421515e-14
1.562633075421148689e-14
1.585643372072185161e-14
1.563625068162305596e-14
1.551209278769828243e-14
1.543946689006151988e-14
1.574580889055333028e-14
1.611084904040541027e-14
1.622405156508590807e-14
1.597378580270395362e-14
1.616943894292669181e-14
1.643466147193287413e-14
1.666078581437185201e-14
1.662686797453689516e-14
1.665269661781416190e-14
1.657416385034760249e-14
1.648535902009882248e-14
1.678845482587854177e-14
1.705982308131318739e-14
1.727950944704614655e-14
1.698063476762918732e-14
1.671087172903887534e-14
1.692083287868111327e-14
1.713076183991527672e-14
1.737195633670305430e-14
1.750806001691186037e-14
1.736952791064181490e-14
1.768135628187737744e-14
1.792167242104069010e-14
1.790736706345967914e-14
1.774314348473303368e-14
1.771693550906600164e-14
1.802254453007099074e-14
1.841020502696673825e-14
1.824456281418953957e-14
1.797419227285668216e-14
1.803646198370037065e-14
1.832100964305940685e-14
1.854404240757185324e-14
1.853345114510443299e-14
1.873092595684600156e-14
1.866040670023750910e-14
1.880037103508076640e-14
1.888737754928301941e-14
1.882056567226794636e-14
1.921287682484877822e-14
1.906165083759472747e-14
1.941209619147402045e-14
1.926422401935713649e-14
1.917883705053435505e-14
1.937770539382162080e-14
1.975861938762069463e-14
1.977268623866122388e-14
1.978969548395482923e-14
1.982219400882634105e-14
1.977012579708888555e-14
2.000542611312462722e-14
2.008255197670587714e-14
2.002579676697980058e-14
2.022192976905000248e-14
2.043654287426812408e-14
2.056766307559511317e-14
2.044743749464105454e-14
2.065375341526928494e-14
2.115364635545369990e-14
2.125815237933598785e-14
2.146058759187228321e-14
2.120943371278719833e-14
2.100716765012679259e-14
2.072800842484501253e-14
2.112460933674323118e-14
2.136598106958088209e-14
2.134221959308505198e-14
2.108505547381725407e-14
2.140308985130437805e-14
2.183883770293117610e-14
2.198174735285501459e-14
2.202090993662183010e-14
2.198506326008298672e-14
2.177442179831994458e-14
2.170895557838666432e-14
2.201851211015606994e-14
2.229276153200455108e-14
2.254698925739468757e-14
2.244061390793739862e-14
2.210359595140783866e-14
2.194177265279886615e-14
2.227594862763412061e-14
2.269468131807243294e-14
2.286265382234733309e-14
2.285731028884700702e-14
2.267584718030115315e-14
2.286011406201878802e-14
2.320755827220889799e-14
2.356040740503533885e-14
2.377744205287506875e-14
2.362474692914215490e-14
2.341439136828973810e-14
2.357818632988838774e-14
2.355964370814442135e-14
2.348078843957423103e-14
2.362584188452642096e-14
2.414522746353777073e-14
2.433821995981553484e-14
2.439439278369487171e-14
2.412807106463954404e-14
2.377042526225704943e-14
2.389073096288086068e-14
2.408708580265086517e-14
2.422308600480290356e-14
2.401380503109124521e-14
2.400239721761992401e-14
2.449084335942403489e-14
2.520355479106246451e-14
2.556508063268057693e-14
2.526262946308922443e-14
2.514382199435718372e-14
2.495655096289854737e-14
2.512485262617461462e-14
2.605895963673066004e-14
2.639756290954533056e-14
2.650779941940983801e-14
2.635536343252627749e-14
2.625000955802566735e-14
2.611514283994066865e-14
2.640187058035409827e-14
2.651299008552749483e-14
2.677648060262232815e-14
2.689447577840328391e-14
2.727413848795313133e-14
2.746175847255602080e-14
2.713710757661146232e-14
2.663892753473080162e-14
2.652063037785895293e-14
2.678544718319701771e-14
2.728468200372179318e-14
2.769051524822923468e-14
2.784728459703424185e-14
2.796768179250548434e-14
2.800177944126653404e-14
2.793132887396590317e-14
2.797674534911194942e-14
2.783767173631547434e-14
2.787196615520545949e-14
2.820649365744148493e-14
2.828823918340117387e-14
2.849273067650034255e-14
2.887234840970665040e-14
2.824230815498186244e-14
2.815258816454601580e-14
2.874304559188153574e-14
2.875917949387641490e-14
2.889668717296340047e-14
2.935022762790472952e-14
2.967683458032343755e-14
2.994097671560098090e-14
3.030950419960241410e-14
3.077062160122493016e-14
3.078330923150271830e-14
3.072480118862073273e-14
3.036848289563268248e-14
3.012625575892276206e-14
3.096556422744692884e-14
3.039646004657254461e-14
3.004648856196918291e-14
2.983178646042705240e-14
2.990401999005387716e-14
3.032354935647565542e-14
3.106430045660656753e-14
3.134975198628503538e-14
3.107323545910951651e-14
3.082577511250772397e-14
3.102984837248652924e-14
3.127389394893670062e-14
3.165624903065254829e-14
3.207363763407113985e-14
3.199097347818536060e-14
3.164308118285143124e-14
3.176153852205525645e-14
3.200395604445663834e-14
3.259052891539271396e-14
3.371158629665209075e-14
3.287976526169160402e-14
3.238752748489429342e-14
3.222202205534565691e-14
3.239001908926461387e-14
3.285837669295942616e-14
3.319153992919553914e-14
3.366512774795481661e-14
3.379890363678585917e-14
3.385071299544855659e-14
3.385200149473503973e-14
3.405752612914701827e-14
3.392861708266437773e-14
3.393482579285249975e-14
3.394823765563941834e-14
3.445374753258808841e-14
3.428581860011625297e-14
3.451608585259339946e-14
3.477702696584421918e-14
3.548444155874387401e-14
3.547034949909900990e-14
3.539716374302857152e-14
3.606134329807742701e-14
3.619093582679196016e-14
3.568382516385237852e-14
3.554415840165636336e-14
3.588643256607951511e-14
3.594304496583719549e-14
3.631077153953723080e-14
3.652495392202420101e-14
3.684463174528266050e-14
3.674075516679980386e-14
3.698442086839413618e-14
3.701385194875957044e-14
3.724223805198045132e-14
3.750102167571961254e-14
3.726036270476770943e-14
3.702387041958195122e-14
3.726936074289393316e-14
3.770708978674220599e-14
3.776415642852072107e-14
3.789007183133750229e-14
3.842438886244090976e-14
3.745049719670355178e-14
3.789680658406170479e-14
3.819521694455736659e-14
3.804542961136685012e-14
3.842837724183017186e-14
3.879615619948903940e-14
3.907467510440620963e-14
3.894056139802551506e-14
3.888025622619343090e-14
3.892943286079490266e-14
3.947405175232968832e-14
4.034838506584235137e-14
4.062577435065446885e-14
4.014383074899171549e-14
3.974583118792473631e-14
4.015052714619634560e-14
4.039793643219268397e-14
4.084428871272023098e-14
4.072508391389613074e-14
4.081528571810271992e-14
3.992097126274880840e-14
4.018434199921775265e-14
4.072523409672855296e-14
4.125595937197196853e-14
4.185991895390046417e-14
4.220484913012680666e-14
4.149368862085603737e-14
4.132339142818663369e-14
4.145482735868116779e-14
4.234403855905988403e-14
4.335673458824580087e-14
4.300019680644166998e-14
4.286227567798193010e-14
