1.285406112349645701e-15
1.288243099803389474e-15
1.301783250125007071e-15
1.269854438600256555e-15
1.259683223964873879e-15
1.252154344194793947e-15
1.235233537248358806e-15
1.249281764112176629e-15
1.274917592009376891e-15
1.280240843575475291e-15
1.251203886212643481e-15
1.230284555932168645e-15
1.232727244052635954e-15
1.246433574424001544e-15
1.242164993714350726e-15
1.270421753122265042e-15
1.258871538065811472e-15
1.255532610425233928e-15
1.269704210730219485e-15
1.270957605911324151e-15
1.284838028736067877e-15
1.289905461227348568e-15
1.313094610074207122e-15
1.319704670450979231e-15
1.309432414603037717e-15
1.332546319751481797e-15
1.291859532825641129e-15
1.328707347933645846e-15
1.307420050037311783e-15
1.296208360759625635e-15
1.226241669715772310e-15
1.265036167878562557e-15
1.260155796701759063e-15
1.283389059284607196e-15
1.305429998009808651e-15
1.297607434864567044e-15
1.259580429826182950e-15
1.267927769789709289e-15
1.286554238478691996e-15
1.273153826110875792e-15
1.286433508695538069e-15
1.301881322100861156e-15
1.305636738209943504e-15
1.282344662168890028e-15
1.256820072872411142e-15
1.237605748538509334e-15
1.287337752572099067e-15
1.307889709181597133e-15
1.319893985905996404e-15
1.280814103249035905e-15
1.261531847909501910e-15
1.237132161301421754e-15
1.266033863167189247e-15
1.303511938118394967e-15
1.302687866700087609e-15
1.293721477006611460e-15
1.291461760310267834e-15
1.324372485777250459e-15
1.334142988654159194e-15
1.318350179279546531e-15
1.328129683866936210e-15
1.325670890884045987e-15
1.315590105470416420e-15
1.328403669745602002e-15
1.341391580490724339e-15
1.361851668961036589e-15
1.323593719250430677e-15
1.309236193303136769e-15
1.319175372309316261e-15
1.343424490438170843e-15
1.354956782026539903e-15
1.361290061996664604e-15
1.354280895118555761e-15
1.367304858624744334e-15
1.413461211423245170e-15
1.420671323035732428e-15
1.379758162502383835e-15
1.391691677347841780e-15
1.384426952393579560e-15
1.410186652063874063e-15
1.383889911703855647e-15
1.345968748648733419e-15
1.352648196936225890e-15
1.373431320641685565e-15
1.388993063402087645e-15
1.374619151712656858e-15
1.406576989428502440e-15
1.384572457853253378e-15
1.398910365827412952e-15
1.405548787166661256e-15
1.408353067546718451e-15
1.427997766378479547e-15
1.451445474856457464e-15
1.443872998628912793e-15
1.414620232006035473e-15
1.387573599981154829e-15
1.385763117471487303e-15
1.403924288671787754e-15
1.392041238605265726e-15
1.386381161537653244e-15
1.386876921870094102e-15
1.389135792332819761e-15
1.395662000863811287e-15
1.413686696256121664e-15
1.408369371326650420e-15
1.420709991553462728e-15
1.433068730746815669e-15
1.452270104327017447e-15
1.437755333755056370e-15
1.443413956498757423e-15
1.462133219764497970e-15
1.468673729836556283e-15
1.484867811342188856e-15
1.458509270402927906e-15
1.417572816139550957e-15
1.391068000941652915e-15
1.422927286167280169e-15
1.436358542213564013e-15
1.425762661368953157e-15
1.398217363932397017e-15
1.416148141965835347e-15
1.450126278066330184e-15
1.467512878219217830e-15
1.472662653520607401e-15
1.454965400087463073e-15
1.410537208226874532e-15
1.406602004012272835e-15
1.424257635755516766e-15
1.456634942081800442e-15
1.468527503437748617e-15
1.471027471380272711e-15
1.459610261520606525e-15
1.426828559515700361e-15
1.454449319395897144e-15
1.475094725688262218e-15
1.467239190048423341e-15
1.453487553402681232e-15
1.463338432911987061e-15
1.463014941190222862e-15
1.490068260621573967e-15
1.507701032988888891e-15
1.532366270625628003e-15
1.516113076450637439e-15
1.520025168753065368e-15
1.513700460509499463e-15
1.490678874575216746e-15
1.468378928351577916e-15
1.482870510592853702e-15
1.494575552064984757e-15
1.512313179868785743e-15
1.502910428626571590e-15
1.461122347033261903e-15
1.431494286496042692e-15
1.434969365168477458e-15
1.453597742373951274e-15
1.460499852913640393e-15
1.446147452869157820e-15
1.443636588112130965e-15
1.481948534548559179e-15
1.528244056247439771e-15
1.547836706802951977e-15
1.525250099121540338e-15
1.526688705646973425e-15
1.503582611216492731e-15
1.516595629767041515e-15
1.571631393129215186e-15
1.586350039537625967e-15
1.608189238918331820e-15
1.617682022826289752e-15
1.619414683753808586e-15
1.666111122104042869e-15
1.703159442534712988e-15
1.742330255825438815e-15
1.689840577765692452e-15
1.631159272058593074e-15
1.630501303837643956e-15
1.647660345268709269e-15
1.583798082436623476e-15
1.544302396889918080e-15
1.533789821114585570e-15
1.547125320212565879e-15
1.543243155533666010e-15
1.568051679164999412e-15
1.561825857189841128e-15
1.586544647783103928e-15
1.597039268121431240e-15
1.593070188530154164e-15
1.600781762515553605e-15
1.585252967587969164e-15
1.579401620340732386e-15
1.599927517877754328e-15
1.604778413382396642e-15
1.601514643225771969e-15
1.596412290028054677e-15
1.541731388602167323e-15
1.538179546690795321e-15
1.579960196886925214e-15
1.589320008549151829e-15
1.585486979621555424e-15
1.617967059647415144e-15
1.644015654835800410e-15
1.669846267132816003e-15
1.706553594731383233e-15
1.735099585656930041e-15
1.739090055765136125e-15
1.735763039227295037e-15
1.691037404920305165e-15
1.656839233430561681e-15
1.683953162342378592e-15
1.648799775902523467e-15
1.620045308440459878e-15
1.596893492164060392e-15
1.592841508658760336e-15
1.627095930977906388e-15
1.670060286047371129e-15
1.682356835527905881e-15
1.654042472956512525e-15
1.633200288650914476e-15
1.646134522290995999e-15
1.647952479287983843e-15
1.668855932977409161e-15
1.694055025259938216e-15
1.677195997184688992e-15
1.662208256530738205e-15
1.655232868446337219e-15
1.653746015025187766e-15
1.689492139904312924e-15
1.741605025407011228e-15
1.664577650605946101e-15
1.636654269340586732e-15
1.647145177733836155e-15
1.649312305768412005e-15
1.670637825498463322e-15
1.681446482218957239e-15
1.719106802437539598e-15
1.736683619131522114e-15
1.723100244117458993e-15
1.742538783927536828e-15
1.726363464392720360e-15
1.706280745190582734e-15
1.701310075002023444e-15
1.673274705953149090e-15
1.692869910582818178e-15
1.676709453260480928e-15
1.696363064051941697e-15
1.698929873993136004e-15
1.742949643305375824e-15
1.758529135356442026e-15
1.746674668811581429e-15
1.779023224933399309e-15
1.776401375618195564e-15
1.775526714933184744e-15
1.790249899417781080e-15
1.841736097582165916e-15
1.854472052455636398e-15
1.855587455158601184e-15
1.873100165778573741e-15
1.874353404658414112e-15
1.817739258787000895e-15
1.807424331350978043e-15
1.798174670591293193e-15
1.797040519639800208e-15
1.802101716482045923e-15
1.765554007055448612e-15
1.755043370595659405e-15
1.762485397550563233e-15
1.765264168416212689e-15
1.772418623691183484e-15
1.759529372358290734e-15
1.774772132399505683e-15
1.724505321993399981e-15
1.755862407693440585e-15
1.757834174096311364e-15
1.752965718780213714e-15
1.790119930931012851e-15
1.804891935916568488e-15
1.801661053709898040e-15
1.772857602780459592e-15
1.758784866858503702e-15
1.782097990733247270e-15
1.785391166974805788e-15
1.823286361003691747e-15
1.830642830576205685e-15
1.793320207143270869e-15
1.783479044407625528e-15
1.785360488056072978e-15
1.809354907301008269e-15
1.802653707613468903e-15
1.798361112789460771e-15
1.789192336985087771e-15
1.754390125106142885e-15
1.761201444861608395e-15
1.787005795347041793e-15
1.800835073925492552e-15
1.822542480277422438e-15
1.844199282481240100e-15
1.786780057569713813e-15
1.796656805148144996e-15
1.778194797687694595e-15
1.829006005072430096e-15
1.862649890849000135e-15
1.922068231021856904e-15
1.840681371679492277e-15
