3.886068165233921704e-16
3.761476700461293651e-16
3.884716801947573554e-16
3.739844966013358627e-16
3.798444272303260920e-16
3.633687201957452428e-16
3.677604705506825958e-16
3.700136561775210414e-16
3.720350174671121290e-16
3.818755142029502490e-16
3.780089139295615068e-16
3.593151879421357981e-16
3.592519897876434334e-16
3.528961030657226121e-16
3.718929819446167480e-16
3.691115826027136909e-16
3.685724835478870204e-16
3.618727825597227788e-16
3.619673479868248268e-16
3.763586006665900500e-16
3.725422014764462040e-16
3.728801554819799401e-16
3.890411794369850825e-16
3.837349955447233580e-16
4.034796065683472566e-16
4.264306968018074951e-16
3.996429708484385693e-16
3.947988225833248539e-16
3.835781126523268296e-16
3.789727648055492560e-16
3.650994576852960858e-16
3.693606851686963520e-16
3.610251650953183631e-16
3.627256248380999841e-16
3.651818670196132996e-16
3.675683869396491920e-16
3.591728377465537513e-16
3.556566983700858183e-16
3.655873144297421948e-16
3.575668655023629270e-16
3.586934992362516709e-16
3.611128757901501403e-16
3.536431645948576897e-16
3.619532482397141328e-16
3.596139263061483810e-16
3.506136231325577609e-16
3.677422679027737630e-16
3.936230517356244666e-16
3.716473389013769057e-16
3.593345104883633154e-16
3.440760429995254454e-16
3.353903191937630079e-16
3.496004251052882034e-16
3.527470429054017850e-16
3.517761421760259425e-16
3.520627702464183444e-16
3.585139206885285622e-16
3.657243431583859855e-16
3.700304200774062298e-16
3.658764418160558605e-16
3.724719335602599829e-16
3.638717535318633088e-16
3.584906319148492279e-16
3.739055617447914137e-16
3.657116244570644938e-16
3.774565365928327929e-16
3.593382966579627191e-16
3.567985057181294401e-16
3.696151513147061818e-16
3.660801505949697388e-16
3.706819539337075449e-16
3.773601235314280014e-16
3.684001510210428382e-16
3.777418236080825108e-16
3.863855272171349107e-16
3.909821190375039640e-16
4.010644954110621868e-16
3.981032697145949594e-16
3.914326270355669207e-16
3.889673494788754012e-16
3.734850593222729145e-16
3.633575307663612144e-16
3.625741112785036568e-16
3.627054862156640946e-16
3.730238505940069782e-16
3.701812460064051804e-16
3.788440892908589246e-16
3.760203539607781905e-16
3.733788397017490237e-16
3.715792153039217376e-16
3.831195368277897178e-16
3.862370052891787449e-16
3.851137014313932249e-16
3.955857946659661707e-16
3.877617126937364001e-16
3.762103757945405904e-16
3.767305825721824528e-16
3.712910638632810868e-16
3.691034993092519771e-16
3.619146864471901230e-16
3.650016677080519666e-16
3.528891483407905407e-16
3.587203734739317868e-16
3.610326211508994402e-16
3.541268159184602297e-16
3.681784199941275100e-16
3.724806501521663593e-16
3.795378051262362349e-16
3.765933869641539567e-16
3.793338225205255642e-16
3.846419054556634893e-16
3.841897706138539662e-16
3.866058552556325868e-16
3.795781457680664191e-16
3.689225025371638589e-16
3.671060697231393859e-16
3.752574065183705109e-16
3.757943583480179227e-16
3.635258385226392158e-16
3.519428192286925719e-16
3.522989908203598351e-16
3.606121734399856116e-16
3.720494011759882911e-16
3.734327098232899713e-16
3.694047000340032470e-16
3.577788403444107839e-16
3.444167201152944199e-16
3.679072073484092902e-16
3.590857387614851851e-16
3.694021601347394669e-16
3.685716920078902584e-16
3.696397006319971784e-16
3.645413145220860870e-16
3.646926284798891309e-16
3.823492094288233238e-16
3.794300269822415771e-16
3.654765036063887725e-16
3.676288236612054072e-16
3.669534815152883425e-16
3.777681352940522054e-16
3.662283835320313541e-16
3.807669010296064018e-16
3.834177192159776151e-16
3.854544268690238595e-16
3.833333226539072085e-16
3.783173864735385577e-16
3.719554564565743836e-16
3.628879659705747559e-16
3.712328201203868839e-16
3.682457488141192006e-16
3.616717059636075059e-16
3.561125929026734662e-16
3.379338692158970049e-16
3.377382905491011814e-16
3.420427023304916286e-16
3.467767993972747902e-16
3.504401733448655422e-16
3.474165203825260174e-16
3.600695303926925302e-16
3.655663893484899362e-16
3.818255478511054692e-16
3.666852698429786294e-16
3.613538786383316472e-16
3.574465049397087006e-16
3.597470434467158360e-16
3.757008924061823583e-16
3.805932718353714642e-16
3.892318066212898453e-16
3.961488877400503155e-16
4.236899964482081937e-16
4.442514593809989956e-16
4.806621421522324582e-16
4.979894712519718849e-16
5.271573955811811891e-16
5.121270730971371722e-16
4.907310269455964454e-16
4.458085827844539725e-16
3.887621136044733505e-16
3.624810583912237252e-16
3.571489033285747721e-16
3.582570784114926474e-16
3.517006204602669224e-16
3.613312872665874584e-16
3.611241588876393952e-16
3.608055865453287617e-16
3.620565417392696199e-16
3.613021813523065578e-16
3.696172129908284544e-16
3.722907064108492828e-16
3.781965603527215428e-16
3.794316739327359102e-16
3.822294720959448497e-16
3.810912341343312784e-16
3.693478383028731666e-16
3.576617350921372390e-16
3.556292403539741265e-16
3.551953262670727117e-16
3.614385086768918565e-16
3.585675484311038413e-16
3.636740790438438893e-16
3.766554920870862543e-16
3.845543063936710169e-16
3.923547501310352081e-16
4.242528032991366364e-16
4.252829815682442738e-16
4.258256727344462556e-16
4.244336096293233493e-16
3.924655534849894830e-16
3.852687897721156048e-16
3.815489885867036648e-16
3.757116947601872569e-16
3.617877025079738330e-16
3.657552793357243542e-16
3.645078657304647574e-16
3.752197615704553711e-16
3.869316894198479748e-16
3.867987315124578942e-16
3.661004778650316633e-16
3.693454261526033490e-16
3.696459780002797456e-16
3.690766481845115050e-16
3.796335996951118279e-16
3.770763098455827256e-16
3.813293567576349935e-16
3.696031464516393122e-16
3.690878874708899813e-16
3.777122603757342180e-16
3.804862897267554181e-16
3.652841360358115302e-16
3.558933237644010934e-16
3.487610353992607290e-16
3.454344590359125379e-16
3.508027681598103564e-16
3.582639613706560826e-16
3.720192577136995734e-16
3.781344490688270893e-16
3.818830567729988520e-16
3.793416637465541208e-16
3.719508675057061276e-16
3.650607886258046142e-16
3.527247672783705837e-16
3.530779084759067209e-16
3.575377948323367757e-16
3.490171525551675274e-16
3.522478581657532897e-16
3.536860140199942636e-16
3.607828241568581689e-16
3.680602469837346782e-16
3.710588016190911335e-16
3.801447069735221606e-16
3.728659672659644136e-16
3.727546487369440993e-16
3.904404226349709581e-16
4.150151032339268319e-16
4.348755041406598446e-16
4.478559023369349492e-16
4.242156717400703799e-16
4.188498012776774101e-16
4.265401225881804029e-16
3.964612253469085975e-16
3.800658331986955257e-16
3.774991338875976342e-16
3.772523004730469960e-16
3.727510184008788645e-16
3.697432228713424468e-16
3.654036276538255287e-16
3.576164554057617773e-16
3.513562927612361510e-16
3.470254370986144800e-16
3.541680857205009249e-16
3.349475833757903112e-16
3.541599178408759531e-16
3.607276708629659778e-16
3.570482704959399593e-16
3.580830276742178010e-16
3.732816874011000795e-16
3.627970302622221383e-16
3.595671641641274329e-16
3.560881173481652571e-16
3.425635499313870881e-16
3.423748467459821883e-16
3.512906559477878951e-16
3.575680944053006979e-16
3.465787209139196526e-16
3.422859603329365995e-16
3.390344013899886976e-16
3.487744713328075959e-16
3.517197889724674158e-16
3.409350605784796656e-16
3.443705593220620204e-16
3.438192403755892223e-16
3.417565337137695796e-16
3.435433576787689901e-16
3.516750784230983343e-16
3.548113067231790864e-16
3.573320998249232645e-16
3.403693413264816101e-16
3.331626159259170532e-16
3.332379118398675359e-16
3.395339166866487125e-16
3.625688438663006330e-16
3.567845892354668386e-16
3.598314095301500214e-16
