4.729323111757068828e-17
3.911697386926291063e-17
3.828760934669530805e-17
4.305122416916126637e-17
4.680842013750766707e-17
3.757402877730820284e-17
4.271949642751503270e-17
4.135703767814272564e-17
4.127573800168788172e-17
4.648102942607558692e-17
4.224934462028663216e-17
4.009589687246410181e-17
3.378596192387739902e-17
4.733269171600661218e-17
3.866174625509235203e-17
4.265622113759604968e-17
4.358918372618828495e-17
3.995732649087196043e-17
3.144770352030473742e-17
3.451447219621467080e-17
3.606568315019540437e-17
3.135137445144505233e-17
2.965608718410611669e-17
3.046952751092967167e-17
3.071289840450209586e-17
3.132562403186706525e-17
3.156496303373877890e-17
2.736112201961950997e-17
3.529206279690844243e-17
2.536639009302062554e-17
3.078378888735369360e-17
3.387814068171646483e-17
2.670120801991989346e-17
3.144122926437002303e-17
2.469051933572925851e-17
3.760080090919166564e-17
2.976549502455733722e-17
4.394412974076137488e-17
2.961120398671030646e-17
2.530868731617451422e-17
2.998743522287899879e-17
2.512311559756788152e-17
2.734910443691439942e-17
2.106469986577516453e-17
2.156189128780383628e-17
2.849967705979002969e-17
2.618727988105627978e-17
2.228560168357444645e-17
2.720055559582584547e-17
3.544640948149110177e-17
2.678460438781885794e-17
2.763233270772225347e-17
2.913211846505245139e-17
2.152764048141838948e-17
3.012261783320110311e-17
3.014956953780257863e-17
2.477837725018883026e-17
2.864383034386588844e-17
2.861748860987343502e-17
3.107422427489647479e-17
2.877967348096144689e-17
2.377807286720481991e-17
2.443449009098185418e-17
4.286884596233579308e-17
2.334562404714270119e-17
2.041658486792139078e-17
2.606685155445733253e-17
2.286229168888472493e-17
2.361501177435107722e-17
2.126618000262462254e-17
2.351389417879416473e-17
2.947875515975076387e-17
2.499553548089885138e-17
2.341679664933055532e-17
2.502508147873848222e-17
2.261476138481431194e-17
2.435883114047150193e-17
2.486314710683660183e-17
2.802702079638715890e-17
2.800960779356372152e-17
2.554026061206145217e-17
2.155019940919178430e-17
2.185585698059023648e-17
2.309388920660369492e-17
2.302000449595685147e-17
2.198621920859023013e-17
2.573768213003940394e-17
2.516440684963771229e-17
2.610809028825206357e-17
2.397997344772398752e-17
2.301269417259963593e-17
3.061648384528083593e-17
2.494496963891341920e-17
2.825457184538734444e-17
3.144731131974557320e-17
3.948548413382991365e-17
4.831275057323532371e-17
5.560036220698538460e-17
7.788365682120756519e-17
9.105549864239024286e-17
9.122076315921085565e-17
9.262974403879990439e-17
7.098012426227568294e-17
4.689068117036418032e-17
3.482788883737544322e-17
3.414144352430465537e-17
2.978955224076439977e-17
2.948468871230698148e-17
2.858998161127020676e-17
2.515482976708884430e-17
2.532756454076431366e-17
2.535926448221978696e-17
2.293176126443220179e-17
1.897012402550467224e-17
2.201323683430050462e-17
2.168716507366561531e-17
2.070310685331686143e-17
2.076273274651872936e-17
1.902570907829750075e-17
2.130923474428069854e-17
2.181895231610211095e-17
2.017782531078956379e-17
1.598831881625451958e-17
1.994451111025595764e-17
2.334182827574574885e-17
2.277560121642972579e-17
2.238513145818588734e-17
2.235160492582224700e-17
1.996179407600867512e-17
2.112755222334254012e-17
2.214695423871646689e-17
2.077971035500115251e-17
2.229775568517452594e-17
1.556316317516583224e-17
2.242426636886859191e-17
1.737398280155991997e-17
2.077421837552906688e-17
2.192159540937365356e-17
1.872674916689678400e-17
1.917980004975989164e-17
2.308526476519353790e-17
2.419137204133039226e-17
2.473024388032455719e-17
2.098045921274948466e-17
1.840617370319216016e-17
1.951656533692844910e-17
2.287468917803324261e-17
2.079693710469468528e-17
2.200845000253564949e-17
2.177459535545688956e-17
2.252590213018596811e-17
2.234154039162908719e-17
2.028135361655007664e-17
1.754898939176377492e-17
2.108588801424041162e-17
1.528039730366943310e-17
2.150649123830812955e-17
2.117824993502484037e-17
1.841013069030324411e-17
2.152710412604653544e-17
1.700307401645527068e-17
1.864555046167023998e-17
1.886418298521256424e-17
1.921767443990290602e-17
1.773601725788005782e-17
1.967537772796349010e-17
1.947620584162201826e-17
1.993806116063350206e-17
2.126213939510102571e-17
2.196961584213347196e-17
2.037939028422092946e-17
1.670016237961599917e-17
1.807793655247439862e-17
1.783852192727643648e-17
1.718411793445363808e-17
1.893344183939150580e-17
2.049631792461030565e-17
1.941457588794577285e-17
1.769011677034560276e-17
1.812656393239633002e-17
1.849868025224575839e-17
1.741829206020189229e-17
2.582971521853424249e-17
1.901060546732221584e-17
1.764366364784183324e-17
2.234130575463115103e-17
2.060836384845119609e-17
2.144378147978434426e-17
1.816536273723296391e-17
1.919145183860651623e-17
1.949935706865405366e-17
2.295717700047899293e-17
1.969307808075497631e-17
2.171527001960248122e-17
2.114532901353895237e-17
2.231997930592147095e-17
2.006522120026785674e-17
2.049576130450188150e-17
2.178368512589858462e-17
1.953705389282231748e-17
1.928116062622485107e-17
1.623904435035343321e-17
2.095109274290824162e-17
1.652421208595531401e-17
2.177247574588606051e-17
1.742127699148969956e-17
1.870655413699679842e-17
1.756398205643327513e-17
1.588678541428521617e-17
1.922461945322858548e-17
1.586804675501264458e-17
2.087594694061499340e-17
1.700622837527010579e-17
2.044642189218976753e-17
1.628885143081780865e-17
2.213073518406580431e-17
1.842353607316631431e-17
1.607956075236906854e-17
1.903916611980861437e-17
1.767650412377805176e-17
1.816032019592371600e-17
1.522069830291173965e-17
1.876358810140102869e-17
2.019886615250128295e-17
1.827405013179307806e-17
1.866193236700276411e-17
1.731522159893747991e-17
1.787658582515474580e-17
1.913838619372337403e-17
1.613027225897380245e-17
2.103943164473244736e-17
1.930707709102521306e-17
1.602121292397284360e-17
1.857762509062231373e-17
1.923132728364064327e-17
1.710369868558246548e-17
1.661233315920379706e-17
1.823804479680953052e-17
1.688926025889591172e-17
1.627553619726296504e-17
1.851949033518038519e-17
1.628032434855776745e-17
1.515240925439282595e-17
1.681217026899679834e-17
1.572522758746243969e-17
1.956419676438863254e-17
2.313359553011611763e-17
2.343728714778995005e-17
2.305209105517868848e-17
2.771737869549166291e-17
2.518486764496537131e-17
2.238895439203696944e-17
2.021732435456304805e-17
1.950104752261298327e-17
1.715787786317108544e-17
2.211496304870400204e-17
1.575355009067909772e-17
1.827264357241186486e-17
1.886507489706315338e-17
1.988851189345334352e-17
1.754989693329853411e-17
1.826124069574948173e-17
1.679279273802592557e-17
1.763278186758888990e-17
1.937719279188028543e-17
1.609014973184335128e-17
1.757726566897738663e-17
1.650865801356278185e-17
1.739635430197105673e-17
1.663344103921450944e-17
1.665311594795201856e-17
2.029771862603451385e-17
2.011571450763607633e-17
2.451017449279565238e-17
2.751012203343750703e-17
2.184774297509927300e-17
2.324175057064250575e-17
1.931838360068759742e-17
1.956956959375157928e-17
1.875243175123755634e-17
1.415323793015646127e-17
1.398774521891633019e-17
1.488541069144740012e-17
1.687640823654228720e-17
1.288352893440891564e-17
1.630520909737890562e-17
1.618802443686615987e-17
1.714583259416327598e-17
1.356130454230590982e-17
1.220001260620110257e-17
1.614304818386407209e-17
1.428664010460871037e-17
1.514860539886604059e-17
4.480248702662884213e-16
1.915546831031117256e-17
1.508502358456418453e-17
1.496891728163484320e-17
1.460049677661637946e-17
1.918426023532714423e-17
1.589916039050499484e-17
1.578931470353683046e-17
1.383819414734919369e-17
1.299750833962107284e-17
1.867738338565666103e-17
1.320754165849491994e-17
1.487970813835002363e-17
1.703715121875166037e-17
1.508506489810895680e-17
1.707199486191201310e-17
1.570897308092192582e-17
1.544947217064406055e-17
1.418264320237383673e-17
1.651480666221360819e-17
1.564984906848864232e-17
1.570155590487958000e-17
1.655255260185372197e-17
1.505458912265630668e-17
1.538853069275419549e-17
1.644880041423423697e-17
1.751125750190335355e-17
1.630846701149982771e-17
1.644742855714947198e-17
1.522143989022115526e-17
1.726816752045719550e-17
1.656210283187784288e-17
2.298363426043522672e-17
1.907515341105322621e-17
2.020212483886449188e-17
1.877425827902414434e-17
2.026262515744252083e-17
2.159650189160573186e-17
2.009754327848806956e-17
2.342794574200710296e-17
2.088634620102467435e-17
2.936299149926045559e-17
2.849751974979419851e-17
2.524308105407089242e-17
2.442225855864092688e-17
3.196067844265384453e-17
3.806820338304393170e-17
3.503405386653470807e-17
3.622463850680328234e-17
3.325721274776520487e-17
2.698223136245588622e-17
2.641859958311693184e-17
2.910802955235235928e-17
2.726492164959664997e-17
3.100959170962712271e-17
3.353180019802593706e-17
2.612101881107069427e-17
2.623406507068231444e-17
2.405356371932741168e-17
2.144818536383113515e-17
2.331230086200487912e-17
2.573447587785887632e-17
2.344284623990208499e-17
2.550053478033091178e-17
2.991919948639473754e-17
3.189000451151353652e-17
2.521277159275687799e-17
3.017341734029739614e-17
2.355224474720866755e-17
2.250179208941527817e-17
2.337510247964541733e-17
1.915691887022061451e-17
2.117446763524213540e-17
1.783314022826740772e-17
2.560600853185273082e-17
2.535826633610118340e-17
2.501662191738732274e-17
2.807282760272758276e-17
2.376431475229553370e-17
2.331569864057014288e-17
2.311873411281639288e-17
2.334879240283721481e-17
2.031897326732557241e-17
2.183375012380122184e-17
1.992917827006548185e-17
2.111440812536750209e-17
2.009298013482110176e-17
2.130269584118604986e-17
1.919876431467133238e-17
2.013041406724749064e-17
1.627119265106309001e-17
1.694731155781972540e-17
1.874102638767938590e-17
2.018794859141596779e-17
1.768975252348834474e-17
1.619040738529527481e-17
1.345577716535517211e-17
1.769547024007973883e-17
1.797536832158428573e-17
1.870121891218385485e-17
1.839812542457855560e-17
1.523345208412279592e-17
1.560831903975730960e-17
1.573588798265709875e-17
1.496504693146508986e-17
1.329625658908043940e-17
1.334312368856979880e-17
1.865422910313984726e-17
1.708282555426490542e-17
2.282639853543516240e-17
2.244596206665470577e-17
3.022923659735595054e-17
3.018023288133955796e-17
2.475159666882328981e-17
1.997751185937694988e-17
1.887713832771793359e-17
1.502263369488625961e-17
1.600447843359502361e-17
1.322182123284047653e-17
1.472356621949765223e-17
1.458822128622969735e-17
1.647226286261736746e-17
1.091505027741583290e-17
1.248564215761308877e-17
1.145747120629144349e-17
1.559551585257561698e-17
