5.859951972969300782e-17
4.546905097920426015e-17
5.339052397538548145e-17
5.561745545374634052e-17
5.718340938142650641e-17
4.594622437332927427e-17
6.381318463337552758e-17
5.434275055162430306e-17
5.308884542194905966e-17
5.251040981838558469e-17
4.701344090392274118e-17
4.976898988298992846e-17
4.381408708108653515e-17
5.280634720141374370e-17
4.689415571207264242e-17
3.486726332500494028e-17
6.766779963321804957e-17
4.914424093511119009e-17
4.673442842631458813e-17
3.486615954725858368e-17
2.692072381741321561e-17
5.028987550428755265e-17
3.605502519722898486e-17
3.563120374560102006e-17
3.530272496068079152e-17
3.734361619263379072e-17
3.081594059372801130e-17
3.045174206130620566e-17
3.749389148971529450e-17
3.198418737142814205e-17
3.079907643441575716e-17
3.524715990210682308e-17
4.285601605667020099e-17
4.672478412574320005e-17
4.260441163361781260e-17
4.160542574322780156e-17
4.082818051490750590e-17
3.827903656319620423e-17
3.347223340379144031e-17
3.072544196758312249e-17
3.639863540548097917e-17
4.264320293550471203e-17
3.147231033332017761e-17
3.390049629269068382e-17
2.780221829562664915e-17
2.278131425196056765e-17
3.587054291777347423e-17
3.013320141852073038e-17
3.271849617165962052e-17
3.182382888252108814e-17
3.120974695493069226e-17
3.420257709202719488e-17
3.953705082528120061e-17
3.030194742859903588e-17
3.107987615205855696e-17
3.840004960326732700e-17
3.452083970533794568e-17
3.024020434115204266e-17
3.529109429054858476e-17
3.765053906722347181e-17
3.631624358567090803e-17
3.081651968197337492e-17
3.891484058371068508e-17
3.993779443946541550e-17
3.950534855785635362e-17
3.210480990205819481e-17
3.269799952196925765e-17
3.423209160876416200e-17
3.952245489794962628e-17
3.241282896604252737e-17
3.414642574459824078e-17
3.286929059146462601e-17
3.514780869732081348e-17
2.996246274899620215e-17
3.971932671457099626e-17
2.989829919827559049e-17
3.994551682864898669e-17
2.784679580232017548e-17
3.985559858302782670e-17
3.890396744928492287e-17
3.802052022052515845e-17
3.956452948822383154e-17
3.472966417741247260e-17
4.012462210855746174e-17
3.751129408985912560e-17
4.111784139823928118e-17
4.130089705131754221e-17
4.362452301127476710e-17
5.351240708689692376e-17
4.331168776964258185e-16
4.850895759410905493e-17
5.783119281143031909e-17
4.345613891497470931e-17
5.282897155570876461e-17
5.735465135285334717e-17
6.242507015998972911e-17
7.008155407804640291e-17
8.547282980397889437e-17
9.475891261642095185e-17
1.153892439519535445e-16
1.497475609970859804e-16
1.569765964249770257e-16
1.590728400310790201e-16
1.541838761557299533e-16
1.282646768017510194e-16
9.547994355927005902e-17
6.203658600234340912e-17
5.957607453709822331e-17
5.955491233055043855e-17
4.793387058441597479e-17
4.835950298568222921e-17
4.926520852338454747e-17
4.527291098588917783e-17
2.832246975025248232e-17
3.472862300971572009e-17
3.842203919116146342e-17
4.024501050739492069e-17
3.617664290252848942e-17
3.826182153864245809e-17
3.487162374240022240e-17
3.405787084814353149e-17
3.380168108942849181e-17
2.493608166385770977e-17
3.638373262860729574e-17
3.918902318588547305e-17
3.634872243265071401e-17
3.349739277489125659e-17
2.704293208077166469e-17
3.342393566540514386e-17
3.196769158944373040e-17
3.551527009866612760e-17
3.574015692032043377e-17
2.669333239496037850e-17
3.580191016390870410e-17
3.250616925246399511e-17
3.608621575100501906e-17
3.166582470196254293e-17
3.057238316505028858e-17
3.335361579420395704e-17
4.970425960987621881e-17
4.240142197576612058e-17
4.243728066582701728e-17
3.254800969775805857e-17
3.877072325856563150e-17
4.087996271803052184e-17
3.437491863439354372e-17
3.358121784283690755e-17
7.261889037919691977e-17
3.447746394423353129e-17
4.112259803592847395e-17
3.423603197819699858e-17
4.276419367153442206e-17
3.501057989024790358e-17
3.963908501616594167e-17
3.253264582320281237e-17
4.527818999081447146e-17
3.559916701153274583e-17
4.636133304306059578e-17
3.798720423151856424e-17
4.047393851156598478e-17
3.936230268441031131e-17
3.345001739085323895e-17
3.614750989794959235e-17
3.567684509568471317e-17
3.789580068144662286e-17
4.030885518593129688e-17
4.179398322597748803e-17
4.836591284962778789e-17
3.923102247538017428e-17
3.803058171573485527e-17
4.257260273326261421e-17
4.413861069307166865e-17
4.328243615144655609e-17
4.828510437082929671e-17
4.364118423041061050e-17
4.307832533735691609e-17
4.626262860075844378e-17
3.884080222803502308e-17
4.425421001982312965e-17
3.775630054355729430e-17
5.018396077808515610e-17
4.351402300621678251e-17
4.279538520674083801e-17
5.006393943114012415e-17
4.387159083821448583e-17
5.015967186049010714e-17
5.579966150792951279e-17
4.647088662317878088e-17
4.959712705376705527e-17
5.645247208691485687e-17
5.310733066680428623e-17
5.547196453189366330e-17
5.535185011767598540e-17
4.679620022521973670e-17
5.319027645682233883e-17
4.902286349618470797e-17
5.201958982971046262e-17
5.506069892787685464e-17
5.304852485108380051e-17
1.366285776068035064e-16
5.381143154488072448e-17
4.989120264408662869e-17
5.546773280360007105e-17
5.444315015335734240e-17
4.740443047385371525e-17
4.927663598395646076e-17
5.299739845919765458e-17
5.433935000915680663e-17
6.003226204116319415e-17
5.379037689050596196e-17
5.666279063342616418e-17
5.439611228123625290e-17
5.877179247934412259e-17
5.341884030169976085e-17
5.598659016826946314e-17
5.684072255439241127e-17
5.814101691293121396e-17
5.466620942579360836e-17
5.998091917860985814e-17
9.510488161513020212e-16
5.829055811317357445e-17
5.627446049806104976e-17
5.901844216986604246e-17
6.053583813546508154e-17
6.069695457892657025e-17
6.248956644506879490e-17
5.742220406558826895e-17
5.924108608967839689e-17
5.352963072592169624e-17
5.340998299631570130e-17
6.052466424301382680e-17
6.011567414036531048e-17
5.913562397306103072e-17
5.181244819652953194e-17
6.648598177813978063e-17
6.035160412120974434e-17
6.127776529114557458e-17
5.823271184935751314e-17
5.571513322010727443e-17
5.940141465529673116e-17
5.967546820839215562e-17
5.539080474674797326e-17
5.963063768749679594e-17
6.286177727381908346e-17
5.900416805602935978e-17
7.087491245670947935e-17
6.245434482805485134e-17
6.124079519656226149e-17
6.296186934432368942e-17
7.538204655395299334e-17
6.405669654323541547e-17
6.367899490273620141e-17
5.752648270481693627e-17
6.405318377196626989e-17
6.535647925161443479e-17
6.006201434868324613e-17
6.821533492255934073e-17
5.971977952022648470e-17
5.848799485579162246e-17
5.417582559604251188e-17
5.992985869541466648e-17
6.035977628553997056e-17
6.005591510240269189e-17
5.361449497944636023e-17
5.798204183836990664e-17
5.941024311478952049e-17
6.308208140821607700e-17
6.459760139931387144e-17
5.646452674005335676e-17
6.016348515631868171e-17
6.797921966718076949e-17
6.135625375867288139e-17
7.113799200592353428e-17
7.592257072436705420e-17
6.928564790118838487e-17
6.785253159195701122e-17
7.258559625712909993e-17
7.123120667647683534e-17
7.803314306973187147e-17
6.294234769253707363e-17
6.243787163538847824e-17
7.022206699411371491e-17
6.357831858484793564e-17
6.426678840380181552e-17
6.575723489514252538e-17
6.681807507482496860e-17
6.715570615878504860e-17
7.020014062200195744e-17
7.183337625460624188e-17
6.977131515817578953e-17
6.982390380479095618e-17
6.664629379288193401e-17
6.330888019194777206e-17
7.167314960521479555e-17
7.339135252111294846e-17
6.960222590048496310e-17
7.069620678446862165e-17
7.338906421349813756e-17
7.364069933658155864e-17
7.242788732957530233e-17
7.380544485104195115e-17
7.326016141685304419e-17
7.359486033600500185e-17
7.152319529617057251e-17
6.609645682527065342e-17
7.624762679154482939e-17
7.234042024482502202e-17
7.747156596723413346e-17
8.363009515319714305e-17
7.841444438110452826e-17
8.618671309939406947e-17
9.040842484393326121e-17
8.655253452145224498e-17
8.911274300376707371e-17
9.645624031586674002e-17
8.936776245480812521e-17
8.854045601679106882e-17
9.270336606571387652e-17
9.533757958965434414e-17
9.375475224789425632e-17
9.564615892080352229e-17
9.505712372787724456e-17
9.679105806555475568e-17
1.025095780674435031e-16
1.010653203960049702e-16
9.870270051251037095e-17
1.035378924143764575e-16
1.118797427442606253e-16
1.074321041489945732e-16
1.219228396671327194e-16
1.125748815390347227e-16
1.159945969728699770e-16
1.286625483303597605e-16
1.208148889429308657e-16
1.330844881340958527e-16
1.290337315461314241e-16
1.311272546172899734e-16
1.253905747977170793e-16
1.196500587975194978e-16
1.373809657609433640e-16
1.072909433162611919e-16
1.124425033076840405e-16
9.621808691140013797e-17
1.057606318522123490e-16
1.037670208279613774e-16
1.094987541559740337e-16
1.068149408493670441e-16
9.369727379360821539e-17
9.468725715616743553e-17
8.540124860956762437e-17
8.497053458384090922e-17
8.970601175745736887e-17
1.041291822067192547e-16
1.199807587514471561e-16
1.337778315024273521e-16
1.329461540016036586e-16
1.427391806494627273e-16
1.365706427875653405e-16
1.301855229086622615e-16
1.153253246583483563e-16
9.121074617191418005e-17
8.462594035906642012e-17
9.635390236754474698e-17
9.737953486263387722e-17
9.994675617644794712e-17
1.164959062741494159e-16
1.265052817092709440e-16
1.332264051806000692e-16
1.290186758217168791e-16
1.202037313079709765e-16
1.154119413188446370e-16
1.103428766299056095e-16
1.094064281594669492e-16
1.347840297049263883e-16
1.255095024217168291e-16
1.129346854539287950e-16
1.089146570129617301e-16
9.779301192639568825e-17
1.230383918395522070e-16
1.141847247427496493e-16
1.064925653148492031e-16
1.069553163847762538e-16
1.028324922792915778e-16
1.132353862724867606e-16
9.604345763280018250e-17
1.146476028312878683e-16
1.102736470751630262e-16
1.201150004850977916e-16
1.212609256885639990e-16
9.774227057725161469e-17
1.117506059191095380e-16
1.057426841578094260e-16
1.072615143953280729e-16
1.093081386776577672e-16
1.067400164318933974e-16
1.162834468519787302e-16
1.098797374503869926e-16
1.181256783240951782e-16
1.204178711871669883e-16
1.221749467092020645e-16
1.287781923180522389e-16
1.244314503922697061e-16
1.286349054304619566e-16
1.350040046259777423e-16
1.281202796398482882e-16
1.261221216778728341e-16
1.261209192809164286e-16
1.055021543525204793e-16
1.019596898808855194e-16
1.141753971147017255e-16
1.019890892579711761e-16
1.067017482872178995e-16
9.341548594522914491e-17
1.063880382195496854e-16
9.345862067096742633e-17
1.013845320861187323e-16
1.045546973358088431e-16
1.026406628422691270e-16
1.107177623673690365e-16
