6.662411447116951487e-16
6.697550546500164002e-16
7.281173427735535641e-16
6.262303814377095036e-16
6.396675568188738729e-16
6.575076629503492876e-16
6.846606545333767906e-16
8.063148115731459269e-16
8.269687127077153994e-16
8.904980936335403881e-16
9.292159533829137138e-16
9.742935948753012510e-16
1.820334917307217424e-15
9.867676551541391679e-16
9.976173565110505512e-16
1.171838865265066468e-15
1.195733663128860328e-15
1.203838142966801531e-15
1.138390709402588355e-15
1.115927147829060796e-15
9.545554705000172179e-16
7.964632325887245059e-16
7.437746297790927259e-16
7.105863649512581970e-16
7.525760478649050803e-16
7.552760383874553460e-16
7.904503730001696520e-16
7.825137453294458514e-16
7.999197494345563709e-16
8.719090140811330248e-16
9.196172479790322790e-16
9.394539812000063189e-16
9.803916633319518781e-16
1.068002807495508509e-15
1.141727091826473761e-15
1.242623797482818384e-15
1.293673347395690466e-15
1.215172256890430780e-15
1.161922056977161904e-15
9.468000304373832551e-16
7.323357314606961329e-16
7.000343085485522105e-16
6.600615659595301094e-16
6.226597034483921465e-16
6.068135703990213684e-16
5.769299191206218455e-16
6.806326400393110057e-16
7.466027696423933154e-16
8.140242085902264726e-16
9.210330939669429953e-16
1.047664070227761109e-15
1.162129800553832271e-15
1.253567383478543746e-15
1.329006317910644450e-15
1.324852860146381325e-15
1.278415189325087344e-15
1.226972257803715082e-15
1.110970568387994769e-15
1.120582146795551517e-15
1.028098640962529156e-15
1.005744283395690882e-15
1.004524335338558205e-15
9.250645701704687528e-16
8.320519058789889868e-16
7.407842254955536522e-16
7.082434494996401385e-16
6.721110004443984870e-16
6.063873296951642926e-16
6.021633860120633681e-16
6.087693623794254172e-16
6.009741961501936290e-16
6.128866606048137352e-16
5.935209732144870507e-16
5.820592045890647834e-16
5.605811575544008522e-16
6.248633771165448156e-16
6.126451522682925118e-16
6.001788013847230864e-16
5.578519313822880592e-16
5.828768505981107809e-16
5.672563165732877659e-16
6.063952668526832403e-16
6.603000344894680508e-16
5.740674533032658437e-16
5.775810939984552034e-16
5.906794787074784851e-16
6.241406181382749594e-16
6.637388626853567944e-16
6.719191796660497678e-16
7.247507178463131540e-16
7.579885654563578863e-16
8.222596292202147831e-16
9.307319605753238327e-16
1.070991352801894729e-15
1.539539089535767715e-15
2.286466399332347685e-15
3.359603571054637364e-15
4.460596078648898858e-15
5.149611484666625214e-15
5.341327156250574961e-15
4.985881683249408952e-15
4.143816745823751580e-15
2.941432204354329725e-15
1.835284445717391787e-15
1.249298009496317016e-15
1.088438270884796950e-15
1.023312647112658817e-15
1.049739303017959663e-15
1.006310227854796439e-15
9.554349161365970331e-16
8.976360011247478782e-16
8.007581241175039302e-16
6.608486962804747007e-16
6.223461495718265631e-16
5.721104587217295503e-16
5.623270136019834190e-16
5.457522514322157583e-16
5.349078909080359306e-16
5.064116116021607066e-16
5.081065006718840014e-16
5.131009098442597561e-16
5.247287234719826208e-16
5.241818663331654924e-16
5.172813015827485887e-16
5.451177950409901726e-16
5.467950760950549284e-16
5.463002788536362775e-16
5.531510348559875611e-16
4.962685781283021082e-16
5.139969060139198994e-16
5.150446750700200135e-16
5.043646288337157239e-16
5.329791462548114508e-16
5.001951727891700837e-16
5.389096407545646649e-16
5.017155079312327032e-16
5.269057319302105960e-16
5.180195966540323276e-16
5.094088537960723737e-16
4.959710361499214194e-16
5.461874042476561370e-16
5.424950244478003720e-16
5.457423860598759760e-16
5.060557479223206888e-16
5.103517514476962147e-16
5.122015107014541750e-16
5.041518721606324092e-16
5.498179375393206781e-16
5.100292333514742417e-16
5.103930324543555643e-16
5.409578920831261619e-16
5.629828695974223943e-16
5.318532143200615250e-16
5.577227111631616231e-16
5.996486117230636591e-16
6.007516759609740291e-16
5.865325657614743357e-16
5.481058855252284200e-16
5.432283111595992639e-16
5.279832447570029944e-16
5.046397570175932116e-16
4.896233925323969761e-16
5.330805629278147245e-16
5.253478843556990718e-16
5.142601438272858587e-16
5.217447400959205638e-16
5.715816005865712511e-16
6.118003094671012316e-16
6.266952044567516109e-16
6.366819009528258187e-16
6.244130683052770646e-16
5.942827053436138782e-16
5.629275713929420909e-16
5.348457454159612086e-16
4.961632908636164800e-16
4.959666257735513507e-16
5.053728102253298866e-16
4.917429939399158300e-16
4.987409668524724184e-16
4.668617103229172978e-16
4.795739379928621516e-16
4.566917809223118209e-16
4.774628808387226792e-16
4.816161979308425156e-16
4.841595606494652811e-16
4.475694943953868141e-16
4.753879790613504708e-16
5.330645550830255361e-16
6.000171658948187824e-16
6.406392303627750753e-16
6.907635005955866977e-16
7.050186730370815588e-16
6.929932200155236562e-16
6.862960934851932412e-16
6.422165817832563002e-16
5.681561155468673267e-16
5.326808176946801830e-16
4.956528115354955305e-16
5.089025722588703429e-16
4.782720526184604856e-16
4.987415423707526477e-16
4.753586774434308228e-16
4.888877670396089920e-16
4.665863602248918387e-16
4.560867194515583403e-16
4.577051894073176343e-16
4.942681470709727520e-16
4.732637844630295128e-16
4.680479364851854285e-16
4.838931009277718105e-16
4.756149260390593355e-16
4.790507305069362476e-16
4.549794455888494144e-16
4.593144764173570832e-16
4.379873151836984731e-16
4.485586950263935839e-16
4.732859348387078106e-16
4.601850651371396132e-16
4.634812082876103330e-16
4.497852639531942228e-16
4.584130673104697856e-16
4.710179090453827455e-16
4.649940065485483115e-16
4.693915740670747854e-16
4.471543448906405925e-16
4.540753473508711945e-16
4.447851575638762958e-16
4.407490642789267838e-16
4.715531478714394623e-16
4.529843900164380025e-16
4.703328961030870451e-16
4.576125030105799637e-16
4.689485085519987034e-16
4.528169666129081466e-16
4.560207682728459664e-16
4.503683632451903135e-16
4.533457137386223018e-16
4.231302046682665824e-16
4.511275908093919334e-16
4.400276105931230769e-16
4.556082744696246909e-16
4.531289469652682897e-16
4.528310435299170899e-16
4.931065784032712411e-16
5.605114758243782248e-16
6.480667430073308372e-16
7.703233666927228876e-16
8.018687850513188272e-16
8.623395415463170708e-16
8.914339431133861450e-16
8.189770028252459659e-16
7.246369514386692337e-16
6.441761991562593641e-16
6.096257727513245564e-16
5.874154324225370362e-16
5.325325752967234497e-16
5.144116241061907302e-16
4.911197231730882031e-16
4.908987676263363446e-16
4.867174326060827776e-16
4.604321982734138926e-16
4.864454682860905970e-16
4.887516813708523045e-16
4.797491206479825910e-16
4.890149885255841806e-16
5.048709062264150234e-16
4.814673448047224101e-16
5.339068483536259002e-16
5.542662862290965762e-16
6.578269215204770782e-16
7.330826287329314090e-16
9.364785029880706653e-16
1.089721158020408259e-15
1.123560923610768111e-15
1.137695573153153495e-15
1.065087988767397030e-15
9.567159750703729290e-16
7.773266483204216164e-16
6.485984803227490343e-16
5.577528383059842385e-16
5.060965084563552226e-16
4.760539276768103506e-16
4.721418177864845846e-16
4.733797710201400868e-16
4.693092406669223033e-16
4.575487772434084293e-16
4.655592422462588017e-16
4.752858414461672616e-16
4.530072914042615860e-16
4.354011617416182866e-16
4.374547076103738967e-16
4.267238509219085160e-16
4.360489788373507574e-16
4.327905950597408990e-16
4.152863834694052326e-16
4.061221677640127972e-16
4.282182505310781752e-16
4.283869946879367273e-16
4.299722362276700645e-16
4.343904652649793733e-16
4.048982873366254224e-16
4.018930703280453404e-16
4.082415211443753957e-16
4.255159671219398374e-16
4.422334296929567611e-16
4.329842385709937670e-16
4.459690932919153675e-16
4.506802256182774432e-16
4.405190610419500932e-16
4.550326778225821171e-16
4.506417722778025727e-16
4.422004662060977526e-16
4.236253348968041200e-16
4.310633545739111638e-16
4.134489669663664437e-16
4.460429322439771760e-16
4.147187425175006245e-16
3.846452972880530499e-16
3.971227746651726977e-16
4.218502862249737224e-16
3.990904079368252853e-16
3.998647505148039569e-16
4.007614130140270612e-16
3.932937313588536795e-16
3.824930275263875217e-16
3.712606552504544847e-16
3.696391358236419158e-16
3.864696382787891362e-16
3.805427389972868083e-16
3.937765647222880148e-16
3.690558777253692069e-16
3.804213593897761326e-16
3.921968253758733110e-16
4.301977017960513319e-16
4.156024556307363404e-16
3.801432722826400299e-16
3.757368308972461008e-16
3.905003226256429868e-16
4.063045798034717523e-16
4.360617651693125825e-16
4.725427614360002657e-16
4.793020582551234371e-16
4.382725195179884447e-16
4.492310586949459018e-16
3.919417190917072800e-16
4.022687338348234601e-16
4.387314947455074163e-16
4.344208501537318441e-16
4.371909199078448178e-16
4.254129204934097781e-16
4.112977776305653580e-16
4.205953620159610797e-16
4.164995070349642317e-16
4.209064106728359587e-16
3.957920597384988143e-16
4.199346863996500162e-16
4.688152926248198371e-16
4.690131408069269336e-16
4.803019154997461298e-16
4.765709036978612308e-16
4.531778536913786533e-16
4.071632868529796809e-16
4.352936557384128083e-16
4.262493264623571620e-16
3.486281640925029857e-16
3.599660119183471061e-16
5.222308109755904542e-16
3.785152393565977533e-16
4.382324270032668903e-16
4.907238340337720174e-16
4.986590274259715955e-16
4.805433721491325163e-16
4.316606911584979736e-16
4.668241825233380525e-16
4.621040415021812960e-16
4.385714109872668556e-16
3.881604295840546993e-16
3.936910950530093265e-16
3.998441614717443583e-16
3.641540350278225562e-16
4.202191738704416102e-16
3.857965443146715748e-16
4.137972434729944929e-16
3.999779859119564481e-16
3.791500661813975947e-16
3.883197223913645031e-16
4.042246017703159874e-16
3.911347925289435850e-16
3.429074894927136203e-16
3.654703478958413669e-16
3.826217985931298466e-16
3.925931877557763190e-16
3.910495141405738623e-16
3.591757122206205063e-16
3.531906050000284145e-16
3.430656005845048851e-16
3.867748817478803704e-16
3.929880730285246323e-16
3.799256711728416462e-16
4.158003657390222068e-16
4.865116637031664989e-16
6.040418005085182000e-16
7.811782117687976594e-16
9.176086390713706754e-16
9.534600152775927699e-16
8.995105606357151908e-16
8.062046068649523024e-16
6.848828228105228509e-16
5.427537283373005278e-16
4.311282370619467111e-16
3.883354899705234617e-16
3.753097099457604205e-16
3.984850211035251469e-16
3.657929524646578331e-16
3.534628349526064802e-16
3.754974546164390177e-16
3.654337820083579846e-16
3.863065700090472842e-16
4.376092912970070427e-16
