1.801007813592319969e-15
1.766456867474365063e-15
1.794819735643061555e-15
1.736470638665889162e-15
1.846057699781501982e-15
1.781409988380804509e-15
1.884385532095939779e-15
1.933222574220927887e-15
1.987127236432123836e-15
2.110513441146542888e-15
2.204589536886974888e-15
2.281041206962065360e-15
2.337105881672228312e-15
2.505538513649270110e-15
2.711125489491022962e-15
2.786178911909702922e-15
2.900849733932968833e-15
2.834806757801195180e-15
2.704150491682117574e-15
2.537989246284464925e-15
2.277746836122751966e-15
2.116636947872274281e-15
1.918853991926446926e-15
1.988045785663704179e-15
1.979570580433064751e-15
2.125489399501996312e-15
2.089021039569782066e-15
2.159883257979168816e-15
2.240183579932334858e-15
2.193775554156234311e-15
2.232482339955393775e-15
2.296555091953417689e-15
2.329892434305257730e-15
2.597785926357255598e-15
2.798623907059080192e-15
2.937698004294418306e-15
2.913234277246218938e-15
2.801999726775042965e-15
2.484117417687295986e-15
2.073685796106158063e-15
1.947001499420863693e-15
1.823434705673254198e-15
1.817284100403965681e-15
1.732044810880798068e-15
1.746711282466911331e-15
1.672232964177300331e-15
1.853170026309537986e-15
1.945490307265093324e-15
2.137798848670792211e-15
2.368344089693685899e-15
2.516977166431910187e-15
2.716488657280030806e-15
2.830970168994820712e-15
2.859797975334188711e-15
2.877959887534680643e-15
2.784468269489198343e-15
2.646608222563254961e-15
2.559300582119157960e-15
2.551356342088633863e-15
2.536643196595497167e-15
2.492546121085783567e-15
2.484454065769398552e-15
2.306895033952313222e-15
2.213025325026281339e-15
1.895933123621155402e-15
1.804697629743608720e-15
1.840877816576293229e-15
1.727905495559064866e-15
1.744186334842085545e-15
1.662894619924961623e-15
1.694293290378954348e-15
1.691906090636149492e-15
1.693216599480839349e-15
1.628901477127617256e-15
1.631655416847649905e-15
1.676029923061748595e-15
1.663297872670200505e-15
1.673835678924694024e-15
1.612107483142646068e-15
1.680885471221224141e-15
1.624118508502133320e-15
1.692693073644954038e-15
1.686087852245310481e-15
1.667041637423471487e-15
1.722637926831441666e-15
1.712931131463869857e-15
1.810091195042247422e-15
1.930317083391216702e-15
2.097044153320594703e-15
2.138039584325915205e-15
2.236259512541194577e-15
2.312875022450682324e-15
2.510333096240001922e-15
2.931616122667150559e-15
3.881221207399491001e-15
5.517595904556486929e-15
7.519297554315601807e-15
9.008917397859121570e-15
9.582927516637370099e-15
9.424797729074893393e-15
8.453888664350675217e-15
6.569149307749809754e-15
4.641068308829487209e-15
3.541632752290351361e-15
3.015725718765699889e-15
2.799238333736068527e-15
2.659406112128028681e-15
2.489604779403447205e-15
2.384286212206583411e-15
2.170859172461310010e-15
1.979772360875625933e-15
1.827366249309817938e-15
1.697787857949316155e-15
1.560149866950380436e-15
1.537680409789169721e-15
1.521223910076148923e-15
1.462383899370121781e-15
1.464013059509715000e-15
1.424057867562654785e-15
1.426611042712784119e-15
1.420355097341916973e-15
1.457702639786984993e-15
1.495651567555412618e-15
1.456542253962456400e-15
1.493368509660801564e-15
1.464846453463508376e-15
1.488738479019927382e-15
1.451034186500229311e-15
1.455810097459069820e-15
1.422503773743127692e-15
1.451567432227723975e-15
1.418999105605492305e-15
1.423416090436675412e-15
1.426574329100033593e-15
1.461360157694429282e-15
1.430722855067764121e-15
1.480497200684074153e-15
1.407649692062398111e-15
1.387882107188098004e-15
1.453375692656062471e-15
1.532374896219659419e-15
1.555286383773491425e-15
1.475777121466823564e-15
1.427090750240465458e-15
1.385532553131711912e-15
1.434631811969771158e-15
1.420475626161291170e-15
1.419657891878502506e-15
1.380387352395253882e-15
1.378892953558229757e-15
1.424803381623272988e-15
1.447467174379125394e-15
1.507606144226289525e-15
1.509296592057232010e-15
1.499318688851788808e-15
1.517821168059293376e-15
1.518592335198098617e-15
1.473899605362750016e-15
1.460203992172094595e-15
1.430406735092785723e-15
1.384762584654434916e-15
1.403864566157565090e-15
1.395942548802555781e-15
1.461054294274052095e-15
1.533019463364205314e-15
1.527092449652527758e-15
1.571179591073577271e-15
1.590811387768524954e-15
1.643766788968102362e-15
1.665438571571871186e-15
1.580684811839372577e-15
1.536590458997741475e-15
1.490407793379233498e-15
1.455548124405388498e-15
1.441536225769526950e-15
1.428565398332392715e-15
1.428671183958630620e-15
1.414089593005297500e-15
1.380544108159111623e-15
1.370085892562688896e-15
1.353047659291153448e-15
1.367558931964055074e-15
1.339828223841317794e-15
1.366936057651196632e-15
1.383863064734740402e-15
1.417597806294576756e-15
1.362783952644859423e-15
1.459331885744493638e-15
1.519112318259819902e-15
1.606027983668565648e-15
1.684221436117276637e-15
1.726205114210869099e-15
1.682143965701291657e-15
1.651108797853168631e-15
1.549066070872848424e-15
1.473777925217167330e-15
1.416757257579323781e-15
1.386759194661437291e-15
1.409006643803261330e-15
1.369895456589395043e-15
1.358660227920215586e-15
1.358287044632619557e-15
1.353276001050352028e-15
1.360595783639143774e-15
1.287071227501513433e-15
1.306885533760206911e-15
1.349145173575402327e-15
1.210787295404217251e-15
1.336194749904335092e-15
1.305864152372203473e-15
1.331543882930603698e-15
1.335064436349319791e-15
1.300935062501823941e-15
1.357853858157195348e-15
1.290182601391635950e-15
1.320197403886578357e-15
1.339501730499939275e-15
1.333711110154185161e-15
1.332624207271042766e-15
1.294996698673703289e-15
1.315585027728837754e-15
1.299498199951452951e-15
1.312559614281750472e-15
1.350173023876168890e-15
1.325243087715571872e-15
1.325598040010217171e-15
1.328754515718828321e-15
1.319406595805705746e-15
1.338329266608836782e-15
1.333990307696208987e-15
1.310146912464906303e-15
1.334642700415294282e-15
1.342759585847849781e-15
1.338192495455635313e-15
1.356800426319851464e-15
1.327706803622879420e-15
1.314327846988540054e-15
1.301575282450740371e-15
1.296579611328884048e-15
1.284948806313277415e-15
1.290980443453100015e-15
1.331209123781449864e-15
1.373708021446095391e-15
1.528723872160804417e-15
1.766857441290706748e-15
2.036015764484679643e-15
2.258443332311223479e-15
2.291974755940142318e-15
2.278052145622202618e-15
2.130214059754304159e-15
1.941382750215599533e-15
1.719207261313759372e-15
1.593218691327410646e-15
1.500894868731476688e-15
1.443557350251194627e-15
1.412441763117291162e-15
1.366285158030794768e-15
1.329542571619458307e-15
1.399597324121713026e-15
1.368842983818585567e-15
1.400292664579855871e-15
1.379250409993919266e-15
1.349991594897246115e-15
1.364989098817278480e-15
1.378140817845962047e-15
1.402641287495170016e-15
1.438061706627944078e-15
1.481251289156011645e-15
1.620986238637960477e-15
1.793884551669268174e-15
2.148605445939624897e-15
2.433735174136772450e-15
2.564891741416411820e-15
2.559029156081779796e-15
2.457576433189071816e-15
2.229566131568344587e-15
1.999602907943574771e-15
1.704325528036219566e-15
1.578307626263982595e-15
1.461568652999724302e-15
1.383906841609241355e-15
1.395121266199074341e-15
1.342533855973402333e-15
1.325077986068935118e-15
1.310539457480022385e-15
1.351297742446315550e-15
1.284879087993403360e-15
1.335619681160763320e-15
1.279777558747647328e-15
1.317082706969648618e-15
1.270132067417557345e-15
1.278389086894620271e-15
1.280073922629714169e-15
1.905359244580028992e-15
1.289844920074451088e-15
1.256771042024103603e-15
1.269344020965794024e-15
1.278767947972588469e-15
1.243335418547758587e-15
1.279301605106473748e-15
1.271303479373457219e-15
1.255483660025250030e-15
1.227990339051340724e-15
1.273850532951034067e-15
1.256866300113372452e-15
1.270035273700708113e-15
1.289111598279085603e-15
1.269441195069950423e-15
1.269649967672011750e-15
1.304316365739487014e-15
1.281823053741890543e-15
1.241978556781445319e-15
1.283371955472776202e-15
1.238393462336294955e-15
1.259923754195721680e-15
1.258945994124916211e-15
1.220913086363854904e-15
1.212770349959048573e-15
1.222911005015148893e-15
1.202369165847906556e-15
1.206961829986209784e-15
1.244131164888554811e-15
1.192342789595337090e-15
1.165050038523108084e-15
1.138346022087865117e-15
1.143217046914557337e-15
1.170412042634508326e-15
1.149843377797892956e-15
1.177096895704521916e-15
1.201460209255126141e-15
1.170431925330184060e-15
1.163596981897048727e-15
1.162987040363578035e-15
1.223152646103669736e-15
1.224494599403282206e-15
1.215688512073291440e-15
1.164564276834046536e-15
1.118696605403167516e-15
1.217500979189613037e-15
1.284836387262500456e-15
1.336362268012940111e-15
1.342442421117142744e-15
1.181981851464552409e-15
1.206112232820230178e-15
1.149310586965916738e-15
1.208490767288020946e-15
1.195329982270593966e-15
1.244570496600051048e-15
1.294930171908186579e-15
1.242658144939328018e-15
1.224847038758279603e-15
1.171459910475878295e-15
1.211765619922319650e-15
1.173305848187137969e-15
1.160661820607371106e-15
1.143363669444751609e-15
1.225739803716417117e-15
1.273832074843638356e-15
1.442852206390984002e-15
1.366792160825374589e-15
1.329252200222530219e-15
1.332082456208005477e-15
1.259180355685445793e-15
1.203569266449950291e-15
1.178532109526590822e-15
1.139196289435735417e-15
1.163674474919738153e-15
1.212245334734059190e-15
1.332930619494389891e-15
1.509714816249381092e-15
1.469787592490968929e-15
1.296536266492300445e-15
1.228895193818259334e-15
1.305785506694594792e-15
1.236261772143352802e-15
1.262858698937166531e-15
1.162880404283711735e-15
1.153556724443855775e-15
1.176159648890035265e-15
1.217667082228170815e-15
1.216036920611663317e-15
1.244336796519341574e-15
1.240449344317198673e-15
1.204115716550550988e-15
1.187971583399269646e-15
1.176942422114513167e-15
1.220338140439030247e-15
1.199707083151084826e-15
1.162019957202453405e-15
1.190834529422485224e-15
1.195296416427483026e-15
1.198474825577896471e-15
1.194023499816808339e-15
1.214950319565987951e-15
1.200914903996860342e-15
1.206306035274757883e-15
1.210247917704831159e-15
1.273258686399112407e-15
1.305407611427818203e-15
1.507359820733176137e-15
1.910620003062161482e-15
2.393512584358956289e-15
2.720537041171948295e-15
2.860636006486731246e-15
2.691692280287982889e-15
2.406347748997191887e-15
1.998553035663314037e-15
1.699541369382307073e-15
1.471171159958094712e-15
1.323589767209784305e-15
1.258181492101841778e-15
1.222624776732844665e-15
1.236930263774824779e-15
1.254822421341694533e-15
1.230587492679549872e-15
1.203764467982851944e-15
1.194240441247156526e-15
1.256253827611162288e-15
1.412818242630933428e-15
