3.121632930291923567e-15
3.196067359668231104e-15
3.094102513283536753e-15
3.126255976907232931e-15
3.211087105129132201e-15
3.262558671601180315e-15
3.231407756817940797e-15
3.319123001243613220e-15
3.356395423955692824e-15
3.421449490749843948e-15
3.573620943390101840e-15
3.713824259354298505e-15
3.689555497988675237e-15
4.026289508544356272e-15
3.920367217067746378e-15
3.922216565025786175e-15
4.003248954674825924e-15
3.909731955067230841e-15
3.834548297697820943e-15
3.847190871461389227e-15
3.803591028328695380e-15
3.637510537373879796e-15
3.561951814429406549e-15
3.552240913129390056e-15
3.505624100432565574e-15
3.678997202749821339e-15
3.638835543428085580e-15
3.719320742391686363e-15
3.822910116719367712e-15
3.935691985680632639e-15
3.789981961773394566e-15
3.993170028036927679e-15
4.037114829719300175e-15
4.189993933245220877e-15
4.348738850430629651e-15
4.400058769447035501e-15
4.436238914274827660e-15
4.446281634751929123e-15
4.265615944089504652e-15
3.971049094980927585e-15
3.823579745135472411e-15
3.658598413506015201e-15
3.569653893455013573e-15
3.365125696688609524e-15
3.313843422001182344e-15
3.355507864332212242e-15
3.505410784718683283e-15
3.539327424760811788e-15
3.711249892933633809e-15
3.795228998641956354e-15
3.991967725038249179e-15
3.978911787168534724e-15
4.069907481673043385e-15
4.161507970945215130e-15
4.189097907241468345e-15
4.224893116016583097e-15
4.119361923328285802e-15
4.059001271680618910e-15
4.061084928044502971e-15
3.997735279346801295e-15
3.936529889192903896e-15
3.956954270400704023e-15
3.908125816794571614e-15
3.917456352412922205e-15
3.732697903786437360e-15
3.682128477083405334e-15
3.662604138485204085e-15
3.643777232654912878e-15
3.573453324520046680e-15
3.428896591850287834e-15
3.469270989679586677e-15
3.513836559579278143e-15
3.389494955137986441e-15
3.518984069322259518e-15
3.543218136348518626e-15
3.487882906509483032e-15
3.454904193768693663e-15
3.519343075655064918e-15
3.503512407701637549e-15
3.518513434504410983e-15
3.555658010490285178e-15
3.684034782546302543e-15
3.733257470074682158e-15
3.824910303146068807e-15
3.852112786138817435e-15
3.975743509271420247e-15
4.032408459159989220e-15
4.297530012973482833e-15
4.512076047072692258e-15
5.878361407684677540e-15
4.778544772163277946e-15
5.026378604235025503e-15
5.358222699615315956e-15
5.916313089228099923e-15
6.518478238180446263e-15
7.527832161189548107e-15
9.230164586019486017e-15
1.111207488336768018e-14
1.304824586492256988e-14
1.435329464394485370e-14
1.487627589143972989e-14
1.443065167599444911e-14
1.297945065560826914e-14
1.083271324306713722e-14
8.391476568332046958e-15
6.636208982553133328e-15
5.609665624736447387e-15
5.099943728436753704e-15
4.830290532992943547e-15
4.712991553906749035e-15
4.501712007983666763e-15
4.333896929876571113e-15
4.150117540275047523e-15
4.090486527973812901e-15
3.935383238478082083e-15
3.813141711486064022e-15
3.744806069503960438e-15
3.674944673568141392e-15
3.604812836362261592e-15
3.588853867373484484e-15
3.550893589139124520e-15
3.573668035696584598e-15
3.550610817356614842e-15
3.600974923875002030e-15
3.638177249913896608e-15
3.631311127692112507e-15
3.566499620916615293e-15
3.570652908574350869e-15
3.550670207225746324e-15
3.571710548794002574e-15
3.576109317062296749e-15
3.633689269396240788e-15
3.569596188479768162e-15
3.596170898094950666e-15
3.585826568161335583e-15
3.700907037708654263e-15
3.699318685089801331e-15
3.651482404838999292e-15
3.558216257340411808e-15
3.669853696363330311e-15
3.891866083665884537e-15
3.949950778924989345e-15
3.843936299282604938e-15
3.723597264912263383e-15
3.708946767186402388e-15
3.768924169440328977e-15
3.745888131796966131e-15
3.527468567325088601e-15
3.716024205680488787e-15
3.675596771760787830e-15
3.774781112439422950e-15
3.825531919678088063e-15
3.873353918221166584e-15
3.852573080883944323e-15
3.901312130791896337e-15
3.886695528026216219e-15
3.984616275814970949e-15
3.938803310590102097e-15
3.904290748604676288e-15
3.891656628498791021e-15
3.929955955929216224e-15
3.950949883481036551e-15
4.020830544721446313e-15
4.117892375024388335e-15
4.117519322203930665e-15
4.115826042177845761e-15
4.082191683756386685e-15
4.172391709898165581e-15
4.255008624761046875e-15
4.183524682989657927e-15
4.239256540327533484e-15
4.293529920901433120e-15
4.221233691341367535e-15
4.169271836987306742e-15
4.195495218825187822e-15
4.244222781785565813e-15
4.251876500574686567e-15
4.277521852324571730e-15
4.208583590323256650e-15
4.235761171622461870e-15
4.236657048550944004e-15
4.200746708658192638e-15
4.167555463863484394e-15
4.241120962016909471e-15
4.308858148739464868e-15
4.300416433261588431e-15
4.304713316179536267e-15
4.364239283736032847e-15
4.371329974782048757e-15
4.415846211245447335e-15
4.443197413725658090e-15
4.546206179775606216e-15
4.535811957896763786e-15
4.522966810751435760e-15
4.537536934729851949e-15
4.526007065954620395e-15
4.467916587143224696e-15
4.546982880946255079e-15
4.493630138794961705e-15
4.726323256436257019e-15
4.512140512589898882e-15
4.432710118747664556e-15
4.477433029082588798e-15
4.450369045785974413e-15
4.457874641822519501e-15
4.524467294879680203e-15
4.588746163355764758e-15
4.637016763828803015e-15
4.599248790557163150e-15
4.609851041011118092e-15
4.674252183393388700e-15
4.590996316934909082e-15
4.632641968622315878e-15
4.639615194140531627e-15
4.692699895609897484e-15
4.695844640511050275e-15
4.636894333364787885e-15
4.709366834076159492e-15
4.760515604817457092e-15
7.641337407596987795e-15
4.814555318435190991e-15
4.809012039950548724e-15
4.851368855263880276e-15
4.840521571470463280e-15
4.836698800513696067e-15
4.865556577577812005e-15
4.886151396411962090e-15
4.921808640173562463e-15
4.972817546607181685e-15
4.930603652960816079e-15
4.987176829724415874e-15
5.026479646616076669e-15
5.052002648276897798e-15
5.031937306565970907e-15
5.082787370379433008e-15
5.140029298532667590e-15
5.180971986998765957e-15
5.189663660903703409e-15
5.192544069303677823e-15
5.232819262820119196e-15
5.280304352065640404e-15
5.324469921017479435e-15
5.432035412354929512e-15
5.538076090775549831e-15
5.760600476770474136e-15
5.852053480076044879e-15
5.952400667378123876e-15
5.974988099215610392e-15
6.030705654796292178e-15
5.968915007686300231e-15
5.812219006152422233e-15
5.847293316363805410e-15
5.768502869853492786e-15
5.846996685192668584e-15
5.694316514066822948e-15
5.703217315341879005e-15
5.614175871299302032e-15
5.686070250310148230e-15
5.702613351301468218e-15
5.843639603285684266e-15
5.827457678150412915e-15
5.828610619402776038e-15
5.872443799524646355e-15
5.906568724035717220e-15
5.956198431712481654e-15
6.113126627618151854e-15
6.187981478205802680e-15
6.347805039194985002e-15
6.525931149002500878e-15
6.830115301521887713e-15
7.086328325647683618e-15
7.265617164203687154e-15
7.371019970852550792e-15
7.313540821666086030e-15
7.276729908982825621e-15
7.224921606852199230e-15
7.167549441382475960e-15
7.087299199470720832e-15
6.918295191859134235e-15
6.755693176704895805e-15
6.551284153033657964e-15
6.459510903039974653e-15
6.415305604696580936e-15
6.362948973087477704e-15
6.355758959067523761e-15
6.420302301809628180e-15
6.473173950620286366e-15
6.433446644801319325e-15
6.475377083714245521e-15
6.536208840033301738e-15
6.529508857259920913e-15
6.549635012343643210e-15
6.554053903844718884e-15
6.569513184308123183e-15
6.623256697169582918e-15
6.633536420449610447e-15
6.674301074309810022e-15
6.671047964728851716e-15
6.640067600386630469e-15
6.755823655324672596e-15
6.747950826850074635e-15
6.718278235420377965e-15
6.738469192706861977e-15
6.821584790325672379e-15
6.778394525416999822e-15
6.831546533527212643e-15
6.876921283723668313e-15
6.943803823622893256e-15
7.019843271861858758e-15
7.045352454532728045e-15
7.025658874613963879e-15
7.129519071422439377e-15
7.111941015468670909e-15
7.118067898960350450e-15
7.187311675955425066e-15
7.162976218832577545e-15
7.173768319080010809e-15
7.142596205770490341e-15
7.167238797709982056e-15
7.240575940895642448e-15
7.259860659270337068e-15
7.383201769667299711e-15
7.228988759507982895e-15
7.254840071744583399e-15
7.286865762381477190e-15
7.213285869295255399e-15
7.272680252528275961e-15
7.302403305095792850e-15
7.348605199716679212e-15
7.328178412076329414e-15
7.241745905919655358e-15
7.222321100058287337e-15
7.291921531138909344e-15
7.371225700256063911e-15
7.453960947093477457e-15
7.234395718437804703e-15
7.155902267524460374e-15
7.030893301573464667e-15
7.212578794246054440e-15
7.454486055294365111e-15
7.729525836311441768e-15
7.580089560717897105e-15
7.323650542784615587e-15
7.248505985630680739e-15
7.141543574693782170e-15
7.401859835549303538e-15
7.427713794141672261e-15
7.641928127916622543e-15
7.981902542496133524e-15
7.974151531422950589e-15
7.872594081896044986e-15
7.768605143477169417e-15
7.822019662450991727e-15
7.751596009148391428e-15
7.681458497183138102e-15
7.647185375785604849e-15
7.806224646912442609e-15
8.286639460010513335e-15
8.620072996136490528e-15
8.758978361282203165e-15
8.764441833055640636e-15
8.684946736328025881e-15
8.766630922994220230e-15
8.603608136292717934e-15
8.428200725021324325e-15
8.430890201037346549e-15
8.377179415557038632e-15
8.551944271454885816e-15
8.885984742154081748e-15
9.486810472930301870e-15
9.280434684794242157e-15
8.746325120434923829e-15
8.479244389836649884e-15
8.788695987646284532e-15
8.957306608687929682e-15
9.247258510668007197e-15
8.925920227658994181e-15
8.897579030547437017e-15
9.228879875174948262e-15
9.305934530514810731e-15
9.447192132377529734e-15
9.638908937518513052e-15
9.657818721581665968e-15
9.510981544638320981e-15
9.499374641643231511e-15
9.688073182000021817e-15
9.825599220677124572e-15
9.880825556518216531e-15
9.640378527636995698e-15
9.790676943665937334e-15
1.015579247662138097e-14
1.036948095381271745e-14
1.032611227658579389e-14
1.041098878115804486e-14
1.064138986179778400e-14
1.080803600004460410e-14
1.114202019511295257e-14
1.120390256108489676e-14
1.132373440825037031e-14
1.167538076905381722e-14
1.241620232896991772e-14
1.263197448033789439e-14
1.292288702374874530e-14
1.284418197342527983e-14
1.254072602708248283e-14
1.229368801651039722e-14
1.212606454133998402e-14
1.187753062131367452e-14
1.171406318522821381e-14
1.163337064265656387e-14
1.153225091369033019e-14
1.158000982442254142e-14
1.170584456156605779e-14
1.183194837955629375e-14
1.157992473045913181e-14
1.139591239516223614e-14
1.154784941395873693e-14
1.189554169191097582e-14
1.357716349969752399e-14
