9.903142732894624196e-17
9.824412782748415771e-17
9.761616287270377851e-17
9.899425512245742273e-17
9.957615085174271971e-17
9.953593640930322770e-17
1.019519313583197678e-16
1.033406553892835906e-16
1.035683513187773195e-16
1.086235009319862826e-16
1.066239092483800162e-16
1.076734315671607808e-16
1.083089925718100701e-16
1.046626890477699506e-16
1.066909861875113661e-16
1.041108612272054425e-16
1.036803241512855000e-16
1.017210829435008121e-16
1.027927179162960067e-16
1.059587453837214974e-16
1.064493688196363507e-16
1.064833589804905068e-16
1.067263577783392421e-16
1.071397930614039954e-16
1.053511939241881872e-16
1.053334391493527473e-16
1.059171202868203753e-16
1.067271001027809612e-16
1.045418213460274204e-16
1.107148475369501273e-16
1.095358198898351573e-16
1.095735630690760584e-16
1.115961821566296552e-16
1.101381347624119119e-16
1.158325549706740557e-16
1.100928312823538981e-16
1.116076537068770730e-16
1.138959699578034828e-16
1.170776950896672723e-16
1.202057044367016868e-16
1.199741421833818736e-16
1.259026465268894150e-16
1.256300213050507355e-16
1.224599036671167163e-16
1.219192551099603847e-16
1.223489383931366567e-16
1.195975660490652011e-16
1.182101911822269303e-16
1.186817312234292878e-16
1.306101040809785217e-16
1.268900827456994921e-16
1.221939730221547928e-16
1.225474345614268463e-16
1.178921902204402073e-16
1.145735324898003352e-16
1.106122495607706059e-16
1.085469028630388416e-16
1.078405666205149901e-16
1.101482514881453305e-16
1.147167963231164145e-16
1.174649145650401344e-16
1.226635290471672418e-16
1.251651101354140274e-16
1.240749971077277969e-16
1.214971606875425399e-16
1.161319864701987509e-16
1.200288145356826749e-16
1.248104537142368852e-16
1.203927097630622745e-16
1.145907710045265909e-16
1.140975813384161829e-16
1.151031682970653381e-16
1.149196878431836163e-16
1.121198209592018281e-16
1.139175482529150855e-16
1.167489846513581742e-16
1.209481474886558709e-16
1.253755804057260140e-16
9.419043532420026529e-17
1.077836824477124880e-16
1.399204702196126666e-16
1.447175766194781219e-16
1.120627423677056743e-16
1.330158074436685575e-16
1.376294212924597831e-16
1.352583940352206191e-16
1.177967100212931179e-16
1.235292465613681278e-16
1.318465052340992569e-16
1.335518110651226224e-16
1.145582198812195685e-16
1.104640119332873464e-16
1.381104491436672129e-16
1.320433131939656390e-16
1.297760404604639861e-16
1.279117094374378769e-16
1.278437195565576868e-16
1.278987869992697161e-16
1.213144990248871087e-16
1.253327747699876603e-16
1.291817586314353050e-16
6.811914961229548959e-17
3.090901785577377619e-17
3.762572431241992349e-17
9.344927322100700022e-17
1.375818985406580710e-16
1.433904440834492789e-16
1.394397610069088857e-16
1.385046649211470964e-16
1.285433218293059052e-16
1.319185834520590843e-16
1.271963439623153736e-16
1.264479298275865770e-16
1.229611870025297571e-16
1.036526327170782261e-16
1.303662627726592147e-16
1.500315988289004157e-16
1.316314041439133541e-16
1.391252727948977697e-16
1.323766113657708719e-16
1.318936175420741911e-16
1.503341771491726817e-16
1.360911971825715077e-16
1.463179332120581536e-16
1.398398055516253660e-16
1.428035889125044027e-16
1.660645342863004330e-16
9.490883406669152454e-17
1.362103527655201374e-16
1.364964303925056825e-16
1.346916015723437842e-16
1.309173484150899157e-16
1.285865485344387189e-16
1.318410551146021831e-16
1.373415805368329763e-16
1.354204947637612044e-16
1.387980532169991653e-16
1.385149861188745257e-16
1.359293629999531350e-16
1.427516482114945321e-16
1.407379663887994023e-16
1.428073872842278556e-16
1.462743792608203305e-16
1.367059941964803711e-16
1.647687760682709383e-16
1.311608251499519265e-16
9.512594132817682636e-17
5.838750512027364463e-17
3.926306673515244438e-17
3.482117950883356353e-17
1.004619072681545798e-16
1.653768738928318784e-16
1.257541543592304128e-16
6.109851663148194699e-17
5.175970096790431428e-17
1.298394052617983705e-16
1.918648914512481372e-16
1.638920397981586116e-16
2.111555669096780770e-16
2.175651959131842061e-16
1.640137267249658751e-16
1.421740838732228149e-16
1.743151656295464995e-16
1.609779545489390503e-16
1.601953002179814996e-16
1.676957847116060492e-16
1.526550472027029066e-16
1.497131571592852258e-16
1.525335120750038193e-16
1.537138849284706810e-16
1.614152382959042622e-16
1.633925332963450417e-16
1.559796976142930301e-16
1.656640358085251143e-16
1.596177389185568032e-16
1.582643715232776965e-16
1.622169609137472809e-16
1.706638780099955069e-16
1.598241845420631261e-16
1.563693473584307596e-16
1.558423495107702391e-16
1.502049083654923170e-16
1.483069406830988134e-16
1.553118980298550985e-16
1.530635558190580985e-16
1.511065529988866397e-16
1.523894923284851371e-16
1.539563452127518255e-16
1.496690677228230512e-16
1.503448957752797030e-16
1.548981327115514209e-16
1.565361417943669573e-16
1.626679146648682407e-16
1.533993193390359419e-16
1.587296785406478295e-16
1.483381507376293427e-16
1.465108306199947877e-16
1.460071103165933575e-16
1.465626878718307645e-16
1.516289432967065004e-16
1.362985823421087255e-16
1.361242842045285624e-16
1.464241308281522592e-16
1.527564764308049569e-16
1.611102668379253323e-16
1.397304118674750601e-16
7.136044084900118025e-17
7.866362000744311886e-17
1.610102089318669653e-16
1.624920693607335746e-16
1.609233344169589455e-16
1.681241505586351787e-16
1.626982764453709443e-16
1.694346335097255437e-16
1.647754937873335426e-16
1.676817379590258130e-16
1.585696305141176111e-16
1.490773315547660924e-16
9.529000436656530491e-17
1.165242011897824764e-16
1.539231151676273717e-16
1.502089743785572860e-16
1.486285492364966351e-16
1.488833355387208839e-16
1.566613250521431622e-16
1.416103734260169012e-16
1.488258285698542013e-16
1.531138391490021591e-16
1.578201884423554234e-16
1.577671073569336170e-16
1.589394611029833936e-16
1.637817499431750717e-16
1.720999212790980125e-16
1.652707654261087960e-16
1.830568471776422080e-16
1.944318897597046269e-16
1.564889583920078904e-16
1.580463184816217514e-16
1.601370119041478144e-16
1.514378814080361915e-16
1.514448100732855216e-16
1.444840511457131979e-16
1.442413679614630237e-16
1.485818995657268637e-16
1.547537693307022918e-16
1.543825991205069702e-16
1.610832046734081204e-16
1.567164465454061083e-16
1.451229250816805024e-16
1.743366697529566427e-16
1.581817820229169795e-16
1.559596807349866431e-16
1.581929619391478732e-16
1.615490419635924640e-16
1.555197931983779911e-16
1.547270132725618529e-16
1.490186078077796860e-16
1.456082998916531583e-16
1.494955883093614223e-16
1.543318798105253401e-16
1.560802008567544187e-16
1.649867221530650316e-16
1.644380448882332972e-16
1.641363615993579285e-16
1.635938165440955200e-16
1.644314097211991609e-16
1.702552736143238796e-16
1.723978952548856771e-16
1.715687882277401266e-16
1.720483937179952953e-16
1.751379386523556091e-16
1.602516000653446261e-16
1.652725446348930670e-16
1.570589095403212163e-16
1.597022501363267024e-16
1.563631535133649898e-16
1.532570891297673586e-16
1.513784026079729927e-16
1.517880705085250814e-16
1.562059111749275093e-16
1.525984830210822995e-16
1.529798023989955158e-16
1.617997596064449908e-16
1.543185367940180571e-16
1.618587402854731188e-16
1.671922919203452460e-16
1.713258245685927304e-16
1.604217012095402520e-16
1.668351994390651117e-16
1.623090110301099030e-16
1.617491827922097971e-16
1.599614350524088646e-16
1.617987213043063875e-16
1.670360907574919869e-16
1.697984711482057065e-16
1.746330990146509997e-16
1.864554866905896385e-16
1.801272096710422067e-16
1.798093955012404862e-16
1.811040078206923625e-16
1.852935065655102036e-16
1.740142708382181935e-16
1.746334250317008087e-16
1.660039939237601298e-16
1.639773223095092391e-16
1.677327092668173867e-16
1.678186000548482061e-16
1.681479034389070209e-16
1.678425764596032874e-16
1.711884860159173626e-16
1.699575674752755697e-16
1.678322386615057551e-16
1.657933745783470292e-16
1.675853042847795659e-16
1.674332512855288382e-16
1.753462287276357619e-16
1.713077757129209373e-16
1.780435679135606782e-16
1.771045257415330544e-16
1.783898934955604290e-16
1.767357984523255369e-16
1.769933749417377178e-16
1.813334980456563617e-16
1.767253358178227412e-16
1.769622175362657997e-16
1.782764091067674134e-16
1.746818462922573543e-16
1.724610668210439120e-16
1.749647881061885151e-16
1.695437082201144757e-16
1.722597702905432692e-16
1.712570301730806318e-16
1.736166383845587438e-16
1.765860846111142444e-16
1.772547626936129189e-16
1.807135414690622955e-16
1.795114377111987666e-16
1.833630376951047581e-16
1.853089977305910740e-16
1.838236861715440596e-16
1.840438287822505120e-16
1.860456241117247083e-16
1.875709915671710948e-16
1.868549153466935670e-16
1.865293482786495346e-16
1.860687919786694671e-16
1.834678399790743510e-16
1.840352014846476918e-16
1.852397566455314786e-16
1.849594481342511963e-16
1.841535420045591603e-16
1.874319603710044517e-16
1.986051758390819034e-16
1.917358306861157383e-16
1.939774012672133375e-16
1.907608255596985052e-16
1.850106270332129652e-16
1.843513169518291973e-16
1.843946226025447001e-16
1.819022085420529415e-16
1.825108629554377494e-16
1.774705332650452983e-16
1.780823102639029928e-16
1.868783222799840537e-16
1.821175424662584842e-16
1.791369765547482731e-16
1.796954522698982192e-16
1.778734358066484781e-16
1.743546898941047239e-16
1.737001099359196427e-16
1.761696358597552458e-16
1.766779314791486325e-16
1.767924386737967406e-16
1.747038030030817832e-16
1.739267487773715178e-16
1.748630339234734630e-16
1.766316884490858171e-16
1.755951503113114274e-16
1.782381706750058161e-16
1.767573464547109297e-16
1.804184982677437698e-16
1.771616685943890007e-16
1.757556383843510306e-16
1.751806915544415566e-16
1.775552793108624104e-16
1.771724140418012382e-16
1.815105010502451825e-16
1.822570121576058182e-16
1.820909834795712705e-16
1.825074101474897286e-16
1.846914770000723975e-16
1.882934063449710895e-16
1.853546148742857227e-16
1.904040483761597620e-16
1.937694320565501200e-16
1.878472910333719965e-16
1.843433294740543508e-16
1.847211044512189965e-16
1.851803754000278054e-16
1.853583474706527179e-16
1.893616037817435327e-16
1.887616612503691191e-16
1.938255241208043430e-16
1.965075677108416954e-16
1.967288797202775881e-16
1.971077951630675477e-16
1.982212160771780266e-16
2.013044382208436682e-16
2.039769975751062256e-16
2.004700213216883290e-16
1.948732953974834652e-16
2.016691889457816732e-16
2.026998751288078395e-16
1.992631210326004980e-16
2.012681603675182169e-16
2.115126958710050331e-16
1.987968421843073049e-16
2.001083723097492655e-16
2.102405700194438056e-16
2.058111159543356049e-16
2.023187516292903925e-16
2.068227897561923479e-16
2.028333816708295763e-16
2.038752274692793336e-16
2.041898229814339990e-16
1.982445331973365877e-16
1.978144883423753647e-16
1.957039982434897428e-16
1.980374117976471169e-16
1.996189448234278536e-16
2.017658919982894665e-16
1.992464543477068975e-16
2.006597606807271157e-16
2.075348260364309581e-16
2.107353052982551993e-16
2.026260722580111914e-16
2.094260178944298218e-16
2.097797542025784735e-16
2.090243110024365944e-16
2.087778117306793883e-16
2.179348395641232042e-16
2.031528153162802152e-16
2.058569574831560318e-16
2.033221865493652137e-16
2.001725783480923892e-16
2.030827448588526803e-16
2.014011814416443775e-16
2.043515946465966660e-16
2.055159470267775282e-16
2.013731352134786381e-16
2.017168959471209169e-16
2.012889637462107335e-16
2.042841043713388116e-16
2.036389860144999753e-16
2.048188079295326782e-16
2.076035347577615143e-16
2.039962051587871291e-16
2.078451109322475499e-16
2.066087017068099056e-16
2.066353177173691395e-16
2.067160252407846405e-16
2.063885399332465198e-16
2.055333513515390420e-16
2.105262920294127856e-16
2.060405556305409490e-16
2.047915808048706472e-16
2.061827081456055745e-16
2.054128740886605694e-16
2.044981993168655106e-16
2.061208747329034563e-16
2.069314696751685743e-16
2.073118372199781428e-16
2.078312343878138043e-16
2.093720280654634279e-16
2.062975282094106766e-16
2.090564555444296532e-16
2.117637663346560173e-16
2.101180982042914889e-16
2.146327987107892376e-16
2.105951741034960822e-16
2.093295781794174924e-16
2.058985929447725086e-16
2.139303975932478306e-16
2.134708932336046084e-16
2.135187619251695495e-16
2.154840949657934925e-16
2.139255663035850453e-16
2.145462187366985192e-16
2.171469921679404774e-16
2.143685541706693070e-16
2.181853390269269116e-16
2.194442800868418421e-16
2.170628628906635661e-16
2.184015159130936614e-16
2.183674744092308170e-16
2.162949697634016106e-16
2.173433771436509012e-16
2.175317964281614287e-16
2.172143211717883060e-16
2.186222425408529430e-16
2.194647917544213490e-16
2.197555117529691984e-16
2.204740986265415552e-16
2.206063745027514989e-16
2.211487815840248111e-16
2.201224737660846161e-16
2.161688822515031935e-16
2.205807743585845052e-16
2.194337088353753055e-16
2.192673425859619968e-16
2.179135154759480925e-16
2.339504171357563049e-16
2.220963522886756670e-16
2.225916852460239994e-16
2.230718095018641311e-16
2.200467877870626453e-16
2.212208401426235816e-16
2.233049608507684846e-16
2.230569894272953835e-16
2.283985747935952679e-16
2.295226628155532309e-16
2.259434367225441515e-16
2.258302526092697263e-16
2.253847015405493217e-16
2.314802161148824517e-16
2.264708494071914462e-16
2.221788139139986206e-16
2.201365055897586021e-16
2.238033966122352029e-16
2.193080833478046493e-16
2.228914457464003143e-16
2.233065670017795131e-16
2.240724371699993825e-16
2.216471287594818978e-16
2.200045430511927151e-16
2.247557277846341865e-16
2.188060533253398012e-16
2.236798601390320936e-16
2.290292258957040168e-16
2.258022886355634225e-16
2.253561420056870679e-16
2.305283424424793921e-16
2.265991542381110167e-16
2.271969187377082027e-16
2.302136563959446219e-16
2.298455056449194757e-16
2.347502137043439645e-16
2.344039690172728273e-16
2.265229952448052167e-16
2.335132680085223950e-16
2.363431681969141202e-16
2.310272864747154840e-16
2.324499782228049615e-16
2.364996321357015336e-16
2.349584842835939006e-16
2.296604335845117627e-16
2.341643435085016719e-16
2.317565312203845114e-16
2.355716776409183094e-16
2.348130422390384108e-16
2.384554017689980219e-16
2.339472474205008046e-16
2.329025829755622589e-16
2.317705953973047745e-16
2.331131956156615848e-16
2.309770511005597152e-16
2.315119229765441557e-16
2.308204230049114523e-16
2.330960898860909950e-16
2.311760899474241517e-16
2.327989556113941185e-16
2.343400570006491904e-16
2.338320699403040034e-16
2.326089834451627313e-16
2.428518293089073676e-16
2.402894023811842009e-16
2.382477815427644072e-16
2.356498197112237356e-16
2.371573189408209482e-16
2.411693216961959550e-16
2.462986449644476918e-16
2.427208144273770401e-16
2.415251088034393065e-16
2.430795171938169376e-16
2.394489355618773424e-16
2.403168718270869545e-16
2.350228276511376188e-16
2.328481143773765632e-16
2.344377526099642812e-16
2.369883080288138844e-16
2.398687384299364718e-16
2.408247220694548287e-16
2.347051854170892997e-16
2.368985832012171005e-16
2.411691653995681406e-16
2.394519128155669202e-16
2.421936801017968053e-16
2.463511313274920678e-16
2.407928088814627342e-16
2.392041171297165994e-16
2.394518379830140993e-16
2.402797082607933673e-16
2.420318636581519585e-16
2.421008757673325655e-16
2.430984374779929810e-16
2.476599420336496663e-16
2.663442805858728180e-16
2.649415726471675089e-16
2.377408487130222818e-16
2.414973232850505774e-16
2.457399172763098036e-16
2.429388053145240470e-16
2.459684417948995230e-16
2.469222918291004817e-16
2.470476567009983064e-16
2.457300699081373335e-16
2.468678164580303662e-16
2.490944847544932747e-16
2.521109879877282313e-16
2.550177623215587846e-16
2.511528759949644973e-16
2.489252545075813877e-16
2.495634294006587662e-16
2.504017740492446345e-16
2.490969872546100193e-16
2.472666922062614559e-16
2.481926354646883422e-16
2.464960504687377314e-16
2.458158421890040402e-16
2.458278037030530081e-16
2.466208371597016255e-16
2.456138173194459246e-16
2.441229329920345611e-16
2.407342986614472415e-16
2.454780523952148199e-16
2.476924714181346938e-16
2.484657050423943777e-16
2.472672885061923982e-16
2.429554312211382339e-16
2.524463728647025276e-16
2.618958199594160538e-16
2.524448641703011242e-16
2.537187422006635628e-16
2.532965790691446431e-16
2.568394925246739826e-16
2.550839221308077018e-16
2.564873697828611871e-16
2.558225972853184164e-16
2.626854552298860138e-16
2.564379430236457777e-16
2.573239725773389203e-16
2.563222024938743370e-16
2.560704758182603223e-16
2.546446742600254742e-16
2.548368805625783586e-16
2.559116687483637510e-16
2.550032031621980134e-16
2.556235975604980322e-16
2.588561719576601773e-16
2.606180016798817115e-16
2.576485889962004942e-16
2.649522590515856002e-16
2.580639186419333342e-16
2.596625148730841662e-16
2.588215455165236391e-16
2.603642999913975895e-16
2.610306781267755283e-16
2.560085872841813634e-16
2.619185167513390963e-16
2.545645064034590506e-16
2.591060506373954256e-16
2.625144903945565028e-16
2.610813224820808794e-16
2.567897176978452098e-16
2.610353126963628655e-16
2.656118578981630977e-16
2.653486320343805328e-16
2.610012240627768680e-16
2.646033527222140195e-16
2.643817755060457851e-16
2.666418841932523499e-16
2.626456823906038033e-16
2.610634265627838128e-16
2.626752924874792689e-16
2.631719603862279626e-16
2.621784824905708240e-16
2.641644223623732356e-16
2.621838914398061381e-16
2.610344513812269729e-16
2.647768130152423972e-16
2.671586822550616245e-16
2.689067142198919158e-16
2.676495140056865919e-16
2.701877981740089801e-16
2.689416458240761860e-16
2.720488564181177584e-16
2.682510677954835065e-16
2.675942070413268426e-16
2.749221028135559440e-16
2.699626161424473204e-16
2.676926388434339038e-16
2.703228030140039779e-16
2.681437352111928778e-16
2.665062832167410172e-16
2.700642483368961433e-16
2.685478230803102338e-16
2.672269054223042322e-16
2.651365340899662514e-16
2.688893259696520871e-16
2.715962276717400524e-16
2.712366843427758713e-16
2.691534813043135266e-16
2.690701604871540240e-16
2.737111594834565442e-16
2.747425955173903790e-16
2.722205320770677728e-16
2.741651136482842928e-16
2.758005337755303171e-16
2.751129741025286803e-16
2.743506237572882830e-16
2.742162494317207080e-16
2.752757555941767227e-16
2.740630578290919654e-16
2.760608432657549616e-16
2.757269488362428622e-16
2.770644297561277934e-16
2.760343732284316674e-16
2.778260448914773346e-16
2.809270617616919124e-16
2.803469705136166986e-16
2.787534222775485893e-16
2.760265070841857058e-16
2.766774925956468695e-16
2.815619239899832044e-16
2.845880983962590450e-16
2.856389240496050720e-16
2.875551441545830622e-16
2.906182441980268436e-16
2.939950719205916683e-16
2.997687933808416019e-16
2.900715050081959426e-16
2.825133712154042722e-16
2.752811291225324156e-16
2.819257577278550300e-16
2.827368593200670877e-16
2.711973194593051099e-16
2.834460758144134585e-16
2.799296004002301757e-16
2.783436836633089987e-16
2.770216091319524177e-16
2.773983429518242091e-16
2.798387924577066503e-16
2.838339181955810160e-16
2.744280171115440015e-16
2.805355868041415303e-16
2.834745422997200687e-16
2.812715059087820197e-16
2.837103706510866061e-16
2.828483199269063256e-16
2.855624629232268340e-16
2.837089360841580415e-16
2.865614966093669096e-16
2.871673027403382907e-16
2.926111802205111964e-16
2.895252102572167438e-16
2.904418868281920976e-16
2.905386334563846726e-16
2.856996935373823571e-16
2.897794251198058363e-16
2.886818650166551203e-16
2.893306337373949337e-16
2.932030931651625819e-16
2.912507168916251140e-16
2.890732093031034099e-16
2.919340969537624806e-16
2.935891330028854780e-16
2.884985042499588187e-16
2.851239310168274273e-16
2.995774516880320216e-16
2.880128925457233069e-16
2.860527697629155739e-16
2.882440492779188687e-16
2.909926181073046598e-16
2.941623120017413604e-16
2.966281282065855152e-16
2.916290101339873823e-16
2.935178107880936243e-16
2.943180112940478050e-16
2.931654289270641430e-16
2.920493316142509563e-16
2.921483771492089585e-16
2.956835935304530073e-16
2.950848160881427769e-16
2.944328038411675425e-16
2.970080288704245262e-16
2.954437696291882265e-16
3.000456438504589315e-16
2.984269568400642154e-16
2.958174198045583932e-16
2.976708696355429135e-16
2.939658006826705038e-16
2.915143006902239490e-16
2.904531202649380442e-16
2.934406696421733040e-16
2.978296847483060962e-16
3.017531443155261970e-16
3.058187185188167598e-16
3.095234379121341883e-16
3.057596410552336721e-16
3.032695361143735409e-16
3.030219688221343601e-16
3.032791869910352448e-16
3.004887371265001061e-16
3.001081905076361734e-16
3.037512995147271044e-16
3.088646750084210409e-16
3.105654546136205786e-16
3.045383225890098588e-16
3.038244847950967875e-16
3.073863412085622898e-16
3.066836644552134147e-16
2.996310651668530105e-16
2.989666415242025463e-16
3.014419650796182171e-16
3.021775710380661626e-16
2.972291234645235742e-16
2.998913497566931903e-16
2.924973752803603269e-16
2.972189538613879160e-16
3.002834031479815385e-16
3.010834487269595164e-16
3.010802671008139533e-16
3.022524343339118211e-16
3.001454137924767514e-16
2.947674982481307963e-16
3.044706403033104394e-16
3.041052194384929473e-16
3.034192454894006733e-16
3.081252928920719056e-16
3.093040848566216916e-16
3.062888222546108706e-16
3.070777923058585755e-16
3.142550926159335611e-16
3.073713310495233368e-16
3.046042693012072194e-16
3.099254495813883180e-16
3.065309777872530932e-16
3.077740780692755313e-16
3.075486686482878554e-16
3.200147644246233223e-16
3.154882545915588290e-16
3.120378617922131189e-16
3.177010506116591527e-16
3.168344870832022776e-16
3.115899635087105797e-16
3.096851463331502244e-16
3.099746426007913165e-16
3.122628075382050336e-16
3.137419219912164136e-16
3.193154659758505300e-16
3.120853760010914119e-16
3.142489674763285197e-16
3.144433119162411875e-16
3.165101745404355288e-16
3.153663759091409402e-16
3.137660896468428806e-16
3.122853239161104368e-16
3.095191155079346785e-16
3.132894418630420131e-16
3.143774293991314641e-16
3.125651003517060551e-16
3.137080761363492776e-16
3.148699198511676752e-16
3.123914492698653213e-16
3.130753699949165769e-16
3.114612353165571717e-16
3.183970839447169919e-16
3.200190647403872983e-16
3.151060490499445175e-16
3.151537100878128168e-16
3.148039839464255570e-16
3.144214384980978065e-16
3.058351675933975204e-16
3.211859494079203374e-16
3.132610111300755424e-16
3.186101030071468880e-16
3.220335927706830481e-16
3.201226151894796915e-16
3.213610936673845300e-16
3.124042328168478415e-16
3.145710297561143462e-16
3.139990431409559928e-16
3.198248801493726832e-16
3.126919913204162835e-16
3.173031896888843684e-16
3.124540813687962239e-16
3.142758628403888030e-16
3.167978250148583801e-16
3.205671095743165332e-16
3.266444910598461621e-16
3.226381532486173535e-16
3.168857296254497174e-16
3.187990413241298001e-16
3.432369083774677804e-16
3.432570307421458668e-16
3.286139412327674908e-16
3.395705624777778485e-16
3.501147623540059697e-16
3.293321801723153455e-16
3.189272965205482106e-16
3.072977219666524237e-16
3.159773367326038966e-16
3.234674822328510397e-16
3.347119326033423235e-16
3.194185036918353082e-16
3.237754223614020134e-16
3.171220437368638296e-16
3.330093620429992974e-16
3.311703472747386996e-16
3.194098307408877872e-16
3.253763975301920553e-16
3.134215539148831597e-16
3.201170088849245105e-16
3.246559766773546656e-16
3.238891909273279059e-16
3.268836524894191879e-16
3.417131484881132270e-16
3.278028918853782972e-16
3.258356721581490255e-16
3.410777437510172110e-16
3.431811125835612097e-16
3.403738059264704939e-16
3.345846756098617610e-16
3.289914954058836523e-16
3.357918224617248107e-16
3.446298851377300970e-16
3.479909119039114011e-16
3.450393288346661773e-16
3.418497142171938737e-16
3.403391363105271595e-16
3.408977625134809783e-16
3.412376607262471184e-16
3.402763736300309619e-16
3.406355344779309798e-16
3.550765390077544092e-16
3.439019153084191509e-16
3.376856873808059848e-16
3.401607774406366860e-16
3.300462935693394000e-16
3.313469139583809250e-16
3.456365307524739222e-16
3.403001728062126762e-16
3.422869570879387448e-16
3.371749743604886630e-16
3.336293752535893210e-16
3.357223772417583227e-16
3.384992338998222558e-16
3.408920969424689270e-16
3.528137730288548842e-16
3.467881488417517696e-16
3.448846530687441552e-16
3.378827748051986616e-16
3.346843942976163885e-16
3.371553034153424724e-16
3.369108571690809650e-16
3.614268814175614098e-16
3.418736725200368215e-16
3.452773809610614411e-16
3.504246595575453044e-16
3.508651825953713601e-16
3.455476819665267853e-16
3.446069640009201836e-16
3.578378307641073463e-16
3.436250322422467315e-16
3.513217667760426599e-16
3.472457873016584691e-16
3.448074005608026481e-16
3.352505579103785801e-16
3.383828256173461976e-16
3.421871326781521249e-16
3.429748830641521392e-16
3.445293068424286491e-16
3.459348838508578791e-16
3.449439413552509763e-16
3.470555926319929638e-16
3.535003227548579497e-16
3.615315614253224572e-16
3.550636747828830693e-16
3.478033820288356999e-16
3.498639851528521065e-16
3.423501316495370525e-16
3.348275649472788521e-16
3.404894426920819493e-16
3.488054652764246216e-16
3.558718876027817303e-16
3.469415547079483488e-16
3.522545732336170449e-16
3.468437555852081755e-16
3.485077462026650705e-16
3.367388728219678404e-16
3.486590433257366069e-16
3.507719759921800095e-16
3.419205679890235416e-16
3.490688580975066481e-16
3.562411660877197584e-16
3.377463647496351513e-16
3.495274755646554863e-16
3.666345550714496683e-16
3.463359222723962421e-16
3.437171155221777680e-16
3.418027650125206007e-16
3.449494577388904653e-16
3.432269516761678697e-16
3.477869748124073281e-16
3.524544219118277057e-16
3.545065628942471840e-16
3.493437657991237246e-16
3.477010167509430182e-16
3.403614477953414454e-16
3.457564213269489687e-16
3.442476141906053001e-16
3.451916036844164231e-16
3.460494761463315662e-16
3.423102313124192035e-16
3.441449867400893004e-16
3.524108232557393388e-16
3.423990956486721553e-16
3.351121788185003801e-16
3.359192988172455817e-16
3.361628252061277844e-16
3.348829436742795027e-16
3.397165578272338556e-16
3.365568192780399434e-16
3.377617879480267605e-16
3.394756756979364876e-16
3.391288956338439217e-16
3.385191091843304841e-16
3.471962583426620914e-16
3.542088851200443605e-16
3.567969294126421353e-16
3.693764649899940334e-16
3.733899747086901782e-16
3.736770013144334560e-16
3.719122618594866555e-16
3.549832208899720806e-16
3.512769049584398254e-16
3.578626664659496121e-16
3.527834567486537243e-16
3.530361977133348179e-16
3.506173411619435013e-16
3.525866625358491287e-16
3.555674573021834562e-16
3.537450929774564116e-16
3.496539672345760609e-16
3.475526910022964982e-16
3.457307599728376558e-16
3.427143512547694599e-16
3.480304753040541794e-16
3.489347637274047677e-16
3.472888624141644163e-16
3.493849823888495573e-16
3.461880673942123362e-16
3.479555157349755985e-16
3.606342250222494110e-16
3.605588750920181012e-16
3.574413794214828837e-16
3.513326849148671086e-16
3.601410742038886490e-16
3.476783751519127767e-16
3.456690281035130872e-16
3.619769770424786402e-16
3.582603752902118782e-16
3.576953785007982171e-16
3.543452856080409598e-16
3.592108405383682518e-16
3.573929961927846367e-16
3.744257798398450869e-16
3.636163204928340485e-16
3.631444882411456187e-16
3.616300626204409754e-16
3.590384275094011016e-16
3.509429335814500102e-16
3.585839087174008036e-16
3.736419786007042594e-16
3.662802760797541604e-16
3.677806633014247592e-16
3.731388734469894944e-16
3.786743695533667264e-16
3.782572072555399110e-16
3.767799894083496202e-16
3.728265531771018125e-16
3.664615099955537996e-16
3.752928554078302994e-16
3.846755857452810509e-16
3.729090253704699929e-16
3.665451457162089327e-16
3.743320794287697265e-16
3.787033550451698382e-16
3.793214679504856274e-16
3.767768389407720156e-16
3.848327931062039824e-16
3.747340784982557323e-16
3.814796510430269114e-16
3.882117292610786102e-16
3.701412470745963613e-16
3.766336426996820963e-16
3.938736355747295575e-16
3.919975178340508052e-16
3.864909122679513171e-16
3.713237589067229474e-16
3.838922810488698498e-16
3.941729220773902228e-16
3.847169803139345624e-16
3.496657948891798220e-16
3.096672335280566626e-16
3.496116171600264200e-16
4.493981154373966589e-16
3.923237315654472353e-16
3.884441407620280985e-16
3.776048305774647509e-16
3.767700398101648134e-16
3.761784144387586182e-16
3.750106603205392156e-16
3.950754955517181498e-16
3.973509729940235604e-16
4.060961742384367196e-16
3.792529236737048401e-16
3.797581705304215590e-16
3.854909097107737754e-16
3.817945494883125295e-16
3.796793431766565434e-16
3.781326076244777810e-16
3.827604113376298310e-16
3.791759948500957812e-16
3.853765609555568689e-16
3.843632682493619999e-16
3.846167659913708345e-16
3.758564365932773178e-16
3.648937738564485059e-16
3.767353813697882598e-16
3.794757803726668904e-16
3.868067192566660987e-16
3.996240986700748070e-16
3.854480920095568725e-16
3.924094154299557260e-16
3.865137693704852554e-16
3.955775629309458928e-16
4.443116680068815010e-16
4.450265687093621086e-16
4.380083261268875543e-16
4.543448072030779077e-16
4.269397210034419110e-16
4.120176739410198207e-16
4.056281781438899439e-16
4.051485428145342282e-16
4.169140960396796309e-16
4.120890003030966688e-16
4.263720944380029991e-16
4.159372328650738968e-16
4.320795823261439197e-16
4.472920463253524307e-16
4.250632456357850656e-16
4.230680834404618173e-16
4.349540688317622326e-16
4.142420487796420679e-16
4.085174934897496475e-16
4.191884734366042410e-16
4.180069245136075684e-16
4.121738439245240351e-16
4.076142115239518799e-16
3.962465988275710108e-16
4.000504231131295022e-16
4.246463022682883131e-16
4.347197175559992568e-16
4.414543353105416656e-16
4.285541416626845716e-16
4.088149049581220223e-16
4.060696226640351731e-16
4.268246163752380374e-16
4.377396742033321316e-16
4.272192424074273270e-16
4.257183425528842451e-16
4.275384910507890708e-16
4.290396932090425509e-16
4.014982300587551879e-16
4.100627466501936237e-16
4.172839434619314938e-16
4.257479299590782289e-16
4.417722826131839001e-16
4.555458851578229918e-16
4.616941634475375686e-16
4.230832788580220914e-16
4.172530645001882974e-16
4.182709655304241211e-16
4.144867260864509945e-16
4.251785460283137699e-16
4.189632981546362773e-16
4.231867580323549640e-16
4.241891464526958887e-16
4.369298814063619480e-16
4.504472587892315846e-16
4.391867020034280301e-16
4.310317403259624114e-16
4.255295777642004738e-16
4.236730181887533605e-16
4.176771565576647106e-16
4.307912253358831893e-16
4.426922379212352485e-16
4.275611509871738608e-16
4.251833386496958713e-16
4.295456671691996986e-16
4.266730235631625218e-16
4.296028675772536866e-16
4.293857500819771314e-16
4.485762178367966443e-16
4.657715714674350984e-16
4.499070244121995162e-16
4.416902100089686545e-16
4.467237368952524330e-16
4.484082423492798846e-16
4.603585259906497691e-16
4.749739462679583045e-16
4.611058429169076356e-16
4.436691237962237772e-16
4.394147974995528628e-16
4.485776875727809050e-16
4.735057030745788325e-16
4.741832862094616666e-16
4.595201146755558071e-16
4.516949192180001642e-16
4.581159828342232776e-16
4.579909415856728396e-16
4.525688681704903371e-16
4.490576404648028356e-16
4.702279806666865849e-16
4.815480758930459196e-16
4.704803153186514361e-16
4.729018000143415151e-16
5.052113094359672533e-16
4.703952375047484311e-16
4.714727349182674507e-16
4.798858157111531344e-16
4.524720930443636756e-16
4.686152663723429336e-16
4.953300163283378337e-16
4.577298376013802369e-16
4.776302835088919425e-16
4.561294221781336908e-16
4.585484680923764660e-16
4.494834235300014194e-16
4.644072953335259345e-16
4.716087958925045133e-16
4.656924134669413632e-16
4.700115780698656545e-16
4.827425873003733822e-16
4.996182662327415355e-16
4.848716844954206235e-16
4.919995619590109131e-16
4.923963378517840827e-16
5.145578277772230968e-16
4.926505081150080270e-16
4.875464061973154910e-16
4.804576546277496039e-16
4.796710702141271883e-16
4.747215667907272366e-16
4.713365008435295795e-16
4.689849318647836397e-16
4.623978843817973838e-16
4.646440528405220184e-16
4.620570381257464586e-16
4.625778397563268905e-16
4.637618658582755626e-16
4.704372425399164720e-16
4.906582129233404258e-16
4.842183931983402019e-16
5.019001316844963102e-16
5.090583268757083361e-16
5.034943930975094999e-16
5.326187372293440869e-16
5.193522513356729934e-16
4.947315597732128137e-16
5.109104334529226488e-16
4.938926233145091851e-16
4.831473042145065091e-16
4.788465570438465157e-16
4.758749779607843743e-16
4.771356562938565167e-16
4.812857683660967479e-16
4.837863419443558483e-16
4.951636544488214816e-16
4.903591427733221610e-16
4.978487673472815765e-16
5.126639577104879190e-16
5.286328961381642193e-16
5.109672352595214357e-16
5.126725844648550380e-16
5.312084265081468377e-16
5.530343793026655331e-16
5.321039547888395729e-16
