6.525686468488474582e-18
6.357579660747980051e-18
6.279397841085485283e-18
6.392388428720543323e-18
6.367980984037647223e-18
6.329220980022401823e-18
6.565474145744595837e-18
6.718387709423689626e-18
6.572582011948071392e-18
7.152902108579878568e-18
6.774843158952955748e-18
6.945272550604585704e-18
7.005745517072341040e-18
6.652192593231416433e-18
6.929929585543841452e-18
6.610362527296043035e-18
6.702332492165821272e-18
6.424080139061751707e-18
6.572555341653951291e-18
6.873172274210804295e-18
6.831144322923929262e-18
6.647847248568230384e-18
6.828316586318060560e-18
6.470117957924181953e-18
6.613357655657943433e-18
6.588312151328972539e-18
6.547913517051255420e-18
6.630443288369597249e-18
6.425226641017899072e-18
7.171182589058101466e-18
6.429780696775008552e-18
6.920011879946974799e-18
7.008163670750378434e-18
6.913243791166530837e-18
7.088672316832500757e-18
6.906228704749510699e-18
7.041120199011858266e-18
7.083170824741239120e-18
7.501075933767634621e-18
7.668033108459258289e-18
7.406737044048755425e-18
7.934271594668436490e-18
7.593778320262480946e-18
7.332013959559192130e-18
7.739664120962228272e-18
7.299696016882552614e-18
7.295242623285046136e-18
7.210921326513085906e-18
7.844332947655265594e-18
8.103962065143997433e-18
8.052668270152962530e-18
7.777673808619138309e-18
7.661929381742004490e-18
7.392310479639841139e-18
7.058752461850188027e-18
6.905239876984333805e-18
6.725184976870470234e-18
6.570626788375013834e-18
6.695230012740348986e-18
6.987925706406078577e-18
7.142113694283719298e-18
7.218304865954234531e-18
7.331151294833155654e-18
7.508507421379370367e-18
7.575592111759570746e-18
7.662669042261698992e-18
7.380968564730772195e-18
8.086422050095883418e-18
7.614551827846012441e-18
7.238393935109854795e-18
7.403911158945269950e-18
7.208238028712062354e-18
7.325306002631078372e-18
7.113351055239966660e-18
7.146334259662363664e-18
7.233439999447548621e-18
7.482862985666331125e-18
8.128813581748937420e-18
5.973274239882247484e-18
6.577326878207283707e-18
9.104538443993755431e-18
8.905668620059999345e-18
7.191484480973500497e-18
8.175662849527084113e-18
8.780198558275502057e-18
8.373946517422585710e-18
7.426765385418744230e-18
7.583746934343104658e-18
8.698904569339515506e-18
8.431420814293499550e-18
7.448362990328532114e-18
6.820255496533895391e-18
8.519696282162869942e-18
7.803086265469526026e-18
7.494622300900601729e-18
7.163589778061522820e-18
7.006456082905386476e-18
7.212034406351225757e-18
6.944823869833132010e-18
7.263001175481390457e-18
7.519173672671311309e-18
4.172829409945725322e-18
2.158646484210096799e-18
2.340823594510016528e-18
5.642879364932522549e-18
7.648878514927374448e-18
8.116965883272407917e-18
7.994881187116442150e-18
7.937771090018427585e-18
7.348041659877375275e-18
7.223232584917533551e-18
7.227445639938850043e-18
7.167996427800636639e-18
7.061615261168256774e-18
6.032201713908839814e-18
7.094649404138157904e-18
8.301770021293370362e-18
7.250630599153468207e-18
7.629329624152545657e-18
7.512034985116602542e-18
7.462313553537872187e-18
8.906758155521702580e-18
7.510783518562369814e-18
8.058296853307055697e-18
7.723658584362846150e-18
8.222644750534530861e-18
9.598585026186199528e-18
5.695582073898417567e-18
8.123905308697286158e-18
7.532265100545956596e-18
7.557466195316126564e-18
7.245874314307706754e-18
7.340285919818586052e-18
7.075600117084770420e-18
7.913328359037303210e-18
7.630251163127065349e-18
8.070782450915128813e-18
7.575972127470890609e-18
7.719076820981585034e-18
7.992254093149770694e-18
8.251476959169158919e-18
8.502241777116713190e-18
8.911124317102250804e-18
8.466434139774718772e-18
1.074199150856888047e-17
8.972607453050057030e-18
6.556815599416268557e-18
4.052792372974579772e-18
2.713579113617027888e-18
2.408884538613703045e-18
5.713083037454352219e-18
9.957104498967166221e-18
7.727809343233273596e-18
3.919821345668126136e-18
3.365333789106848966e-18
7.866635767124537133e-18
1.184382866103558542e-17
1.062706250662924199e-17
1.269521897720310932e-17
1.340941705167742265e-17
1.102559227888008876e-17
9.970651137487257339e-18
1.216717116760237685e-17
1.322853426716092094e-17
1.354535820575981255e-17
1.620112004245201833e-17
1.510919709766754017e-17
1.681058566872015204e-17
1.790953109286573845e-17
1.933745352890750677e-17
1.765258248952270502e-17
1.533984616125484296e-17
1.379704804283738384e-17
1.356072478080647016e-17
1.275588747250563595e-17
1.163615094384159670e-17
1.007885697530235565e-17
1.034952254822094176e-17
9.452646328524466576e-18
9.058010939228802755e-18
9.309456267192579223e-18
8.485784109480325905e-18
8.363866488797453329e-18
8.322832718392820196e-18
8.245093052366410834e-18
8.370049458528330218e-18
8.560125567891688589e-18
8.682521203891724747e-18
7.973709105942179562e-18
7.943585206581862805e-18
8.429341223098714327e-18
8.434214660404669215e-18
8.606420105064245682e-18
8.037045855263024683e-18
9.048134937377648574e-18
7.422403699314555145e-18
7.952695309542757816e-18
7.310602888727106672e-18
7.592802734588187777e-18
7.826349786240220378e-18
7.362606629591858855e-18
7.248814431742157869e-18
8.010099414485593251e-18
7.554661063649988739e-18
8.892390489875319814e-18
7.409615292377738897e-18
4.078991461846592029e-18
4.228787956781985551e-18
9.175927928684773252e-18
8.584837920098868025e-18
8.267966056508977692e-18
8.658633540857783436e-18
8.562385743062902421e-18
9.295561315677282677e-18
8.507636248070061537e-18
8.294904435850360221e-18
8.233061777479718032e-18
7.859725734058124903e-18
5.346733670776487624e-18
5.962775568357174790e-18
8.797590348935863100e-18
7.847759240391086579e-18
7.694961469471273055e-18
7.273924239430692495e-18
8.056828984160511044e-18
7.320981743927286196e-18
7.736955127983181781e-18
7.908744024446889047e-18
7.903213030814937145e-18
8.170864062312094435e-18
8.550520018193074133e-18
8.436166756129039674e-18
8.356611362124291963e-18
8.514118990964291651e-18
9.771788848382807419e-18
1.018232146779520925e-17
8.662048957525642479e-18
8.024810041881977056e-18
8.039695995667458129e-18
8.053953007085330138e-18
7.974689687766497812e-18
7.548435701422180903e-18
7.330914202986129909e-18
7.542185993514154069e-18
7.557332026509626433e-18
7.821220225532067091e-18
8.459650731040689866e-18
7.993795461011282828e-18
8.241057435761507994e-18
9.674805614102127798e-18
8.564240453533162681e-18
8.193859294480439289e-18
8.594088699283542374e-18
8.377143524119360010e-18
8.704107361665775332e-18
9.383173539346130265e-18
9.682845474314487802e-18
9.079258587059879091e-18
9.553675213834140633e-18
9.376400112861345603e-18
9.965764258667176910e-18
1.075089606250793678e-17
9.200817128204876763e-18
8.998690925127302009e-18
9.103062276055609683e-18
8.615873192140597939e-18
8.433691389960493825e-18
8.864436239394996200e-18
8.922525264955966617e-18
8.838389743121927058e-18
9.281890464114787432e-18
7.853379544583555789e-18
8.643103378343070368e-18
7.639468847288634165e-18
8.146998675482351633e-18
7.992611489956856113e-18
7.623995619413913815e-18
7.451184007341639735e-18
7.443880302793580981e-18
7.762899461182828020e-18
7.689582204406905077e-18
7.493052477308315817e-18
7.856147846470729482e-18
7.686219262058058079e-18
7.949494540128614250e-18
8.182774655963210730e-18
9.007132707894887580e-18
7.720077897744060196e-18
8.063011254877134533e-18
8.074362915194465491e-18
8.191098183023820936e-18
7.898609996303251648e-18
8.116990165632362887e-18
8.015506770628206929e-18
8.589558004152686884e-18
8.545798343479523554e-18
9.626423685649847459e-18
9.017747071277252407e-18
8.961899539482698915e-18
9.111283667046664412e-18
8.742739074057022953e-18
8.839427938604699423e-18
8.276054241100100355e-18
8.516133385805560306e-18
8.116109821232903057e-18
8.657317168418820708e-18
8.592477860768337726e-18
8.580516546602585388e-18
8.859179973202595687e-18
8.913313681735148892e-18
8.661140374153486976e-18
8.486047036807084574e-18
7.981045532601788760e-18
8.593563824165430381e-18
7.922147571706571443e-18
8.822864360610934926e-18
8.155982984007810549e-18
8.692559637698311845e-18
8.496356107523065279e-18
8.704601062225855280e-18
8.534843119588508338e-18
8.459980894246369856e-18
8.735382497305156217e-18
8.509639007212577588e-18
8.415030143954517591e-18
8.806459063531423069e-18
8.454209977920229099e-18
8.232394212800665745e-18
8.492051103835021993e-18
8.151734866557280915e-18
8.344223514673434476e-18
8.174462792164618460e-18
8.358354049587396939e-18
8.646642211488386524e-18
8.918355784615507615e-18
9.389925383487666620e-18
9.342125695589184872e-18
9.818760817931893261e-18
1.056417279998210544e-17
1.135654923830632561e-17
1.276786443423080594e-17
1.438271966135115231e-17
1.559514860080347195e-17
1.660980485673106510e-17
1.796843169438910118e-17
1.908128014343008047e-17
1.780246776027200954e-17
1.522673629621281117e-17
1.323680883084509436e-17
1.195213516229499602e-17
1.127330296351691803e-17
1.134415258433735450e-17
1.166188231235132803e-17
1.090580435101403259e-17
1.051630919092524877e-17
1.000298467591130927e-17
9.257313196027700067e-18
9.031563732402212005e-18
8.952676129874787960e-18
8.703994899424000354e-18
8.675866172352183926e-18
8.370330148499389242e-18
8.367484463481795425e-18
8.717562841969265259e-18
8.435278642025835405e-18
8.114099697044984962e-18
8.275432537446649596e-18
8.136389830742396648e-18
7.963632235504788516e-18
7.936071132582446405e-18
8.051404385657349965e-18
8.021371214314482682e-18
8.103271040447051952e-18
7.985286456360169879e-18
7.928669098854668126e-18
7.963643156526925914e-18
7.989923515284959109e-18
7.943470209952211609e-18
8.085264116863800734e-18
7.879494746494700614e-18
8.188913872280375425e-18
7.965231560522640305e-18
7.961598841994554729e-18
7.897971854485784188e-18
8.003932710403854118e-18
7.952059543805338191e-18
8.166133867851845768e-18
8.216525154594926155e-18
8.217739689452327105e-18
8.194520025922385404e-18
8.304099205831048868e-18
8.376171582531345325e-18
8.257355632850926273e-18
8.451736207607900597e-18
8.569296941177932789e-18
8.333047258219070050e-18
8.171876325231575341e-18
8.173850266366676804e-18
8.184767112277466863e-18
8.157528962974498738e-18
8.358741929291797414e-18
8.237843424476027472e-18
8.503833277257349567e-18
8.622130892250786286e-18
8.599673272052110611e-18
8.591067641911040300e-18
8.615745808018451533e-18
8.705387515087643365e-18
8.811991059125820059e-18
8.687928834438310080e-18
8.402582370517517663e-18
8.699795566354158745e-18
8.819936678245862764e-18
8.633748408100162753e-18
8.746974036151587968e-18
9.197010444182550380e-18
8.654981892250418121e-18
8.727631398099048673e-18
9.221392988191084713e-18
8.997611128977600721e-18
8.823833148188425524e-18
8.944285192401696298e-18
8.822619034402785987e-18
8.939790583412754672e-18
8.796877191502191078e-18
8.655501087486427164e-18
8.534902592762138695e-18
8.431197095179294707e-18
8.581633348484076483e-18
8.645212479341880786e-18
8.726309950078787337e-18
8.627485335740668947e-18
8.693499375759561463e-18
9.025289282149565790e-18
9.100272302909584324e-18
8.705671812569686899e-18
9.124381017488439783e-18
9.012135298924626518e-18
8.923393383967655009e-18
9.009935245956430194e-18
9.287627019835377923e-18
8.673136354341296226e-18
8.957481200167584789e-18
8.619369328362119457e-18
8.652427232310451781e-18
8.779307916138161522e-18
8.557472187118073950e-18
8.871022789469633194e-18
8.801970148175465352e-18
8.610061617864756754e-18
8.737030752322041939e-18
8.524105884540842766e-18
8.804494653432829784e-18
8.640604281729139552e-18
8.726887682406698665e-18
8.876162748416631252e-18
8.644994390134207953e-18
8.870011927618166349e-18
8.715216518350528682e-18
8.823681546929289867e-18
8.745460980116294777e-18
8.796927516703167690e-18
8.683326641732622793e-18
8.922866871407681805e-18
8.723596672066583809e-18
8.656182556444403205e-18
8.735618537991475882e-18
8.672031527047552708e-18
8.624652095980284526e-18
8.667789806002150298e-18
8.763101472189153331e-18
8.716960525535902761e-18
8.765730453725680484e-18
8.802491957975943621e-18
8.701956121525099720e-18
8.795680143840540646e-18
8.900056134764093660e-18
8.824260990927235890e-18
8.991277942671853324e-18
8.845165610864806423e-18
8.787535632212723373e-18
8.603018836219710579e-18
8.933952232534210684e-18
8.936080536424893532e-18
8.903266236816706914e-18
8.976522150239973807e-18
8.975557221281353790e-18
9.044373293275084019e-18
9.160533599083279059e-18
9.051919793320234543e-18
9.188313703008862128e-18
9.222273721351202685e-18
9.109699367094418370e-18
9.166916527144043306e-18
9.157346100432096346e-18
9.095801492722934382e-18
9.142768600991820016e-18
9.155726860536627722e-18
9.138497451229793125e-18
9.223943098015940981e-18
9.276825287808109667e-18
9.337508326107866494e-18
9.460311955537068368e-18
9.529998252196472861e-18
9.572252722775415468e-18
9.586108856255544265e-18
9.499566772412487751e-18
9.698763987198773729e-18
9.694148421198957109e-18
9.586614553662949614e-18
9.362075221776132029e-18
9.880007678678145972e-18
9.376807110857181365e-18
9.313352456933395504e-18
9.337566777980698288e-18
9.178420527560472375e-18
9.173215887295084757e-18
9.185468500087246295e-18
9.147083867685202915e-18
9.315783980216432638e-18
9.440855569349869711e-18
9.219998011751338569e-18
9.197786535347937466e-18
9.127994979244721776e-18
9.413137463925813545e-18
9.236445133272448567e-18
9.086161125769583260e-18
9.000999769369450147e-18
9.060388800626335403e-18
8.964759483400352019e-18
9.146487466080209584e-18
9.199602069707617369e-18
9.286346346889656478e-18
9.249107942991683534e-18
9.214907278920859612e-18
9.409313249450940255e-18
9.282748903967222557e-18
9.528777358794633580e-18
9.608340310379154007e-18
9.331417688361759690e-18
9.257790299077114510e-18
9.381651279668406373e-18
9.130414932021810421e-18
9.179955837359432038e-18
9.337063803948942919e-18
9.177128272539496286e-18
9.434932760356134724e-18
9.446673573168431884e-18
9.052562304753093832e-18
9.348137512247943545e-18
9.435166836594886404e-18
9.169799697308877129e-18
9.310714435063041744e-18
9.406265500100882970e-18
9.319700284799974894e-18
9.180725752275339997e-18
9.277605403956961565e-18
9.219169873781603656e-18
9.337638311415364196e-18
9.295822602523831514e-18
9.480669095922317204e-18
9.222275269830595727e-18
9.221275200580436315e-18
9.138376251321376183e-18
9.202877565376688795e-18
9.156967392964444570e-18
9.132613564791920059e-18
9.095839999879987883e-18
9.192062035397854993e-18
9.146467558881686816e-18
9.178778889903626434e-18
9.235995290350704086e-18
9.207135465873955540e-18
9.128650746186045854e-18
9.539168658461742568e-18
9.436454226167712610e-18
9.410335898723067264e-18
9.335994235917959593e-18
9.390835356517896881e-18
9.510172715743947335e-18
9.681314631393002964e-18
9.545426653115647823e-18
9.439329959959506141e-18
9.506191513851847285e-18
9.317013113081007891e-18
9.390029437780734998e-18
9.169795890317439899e-18
9.101219512265852877e-18
9.131925907256094278e-18
9.178771203781184801e-18
9.300638691729663324e-18
9.358510923144187030e-18
9.145522219376142234e-18
9.253324562423521272e-18
9.392511106799082318e-18
9.333626267199441161e-18
9.463934403271626348e-18
9.522092569454495125e-18
9.395283535105237003e-18
9.325693980202886390e-18
9.336981878096986905e-18
9.370627336561406136e-18
9.404377597360957175e-18
9.389211655202613648e-18
9.444996999112354422e-18
9.620219737393323110e-18
1.037106608130268566e-17
1.028178682407382809e-17
9.452816398868336935e-18
9.483383111476868625e-18
9.508512922335256931e-18
9.455744231390763586e-18
9.621638376575289788e-18
9.606641573129003609e-18
9.577146831273720920e-18
9.546901199899210669e-18
9.574949067709868737e-18
9.652755275586073932e-18
9.763063517539656800e-18
9.866657214826959942e-18
9.747685629696090926e-18
9.654845640576252623e-18
9.676801332117718315e-18
9.670626078917308697e-18
9.601946104112093881e-18
9.514158527386193056e-18
9.544111058653969148e-18
9.464629380371302090e-18
9.423025818733961426e-18
9.442510484800347390e-18
9.445394363707231266e-18
9.436973793668228991e-18
9.387109092444141356e-18
9.216879406279482460e-18
9.366185452612196782e-18
9.458214158175967248e-18
9.464482585170867598e-18
9.447213679649644006e-18
9.275666731291258763e-18
9.656732551227107175e-18
9.908997576834196163e-18
9.575714657971505996e-18
9.669976814300094325e-18
9.663461919634999725e-18
9.775548876390891127e-18
9.772845673754903041e-18
9.791863155100298976e-18
9.764481860375567402e-18
1.001531212714803649e-17
9.781088104587030113e-18
9.800851573143748361e-18
9.765211155150768784e-18
9.793540634686501564e-18
9.713259855228467037e-18
9.732952054835702218e-18
9.685073605510441147e-18
9.675041055336547696e-18
9.764234455392536734e-18
9.843073111362232623e-18
9.935088301540695978e-18
9.873029025594395878e-18
9.814583950637625377e-18
9.847237215948940929e-18
9.934782613266106862e-18
1.002730728694831012e-17
1.005446206252629863e-17
1.005693352206080242e-17
9.755013282204994717e-18
9.899340697030526965e-18
9.570995525998525094e-18
9.752589150783772439e-18
9.866906960907490076e-18
9.788745326225075506e-18
9.615276099579707946e-18
9.753486761625606154e-18
9.904590077396184110e-18
9.971592772050828817e-18
9.815180642170349924e-18
9.862219658711588337e-18
9.853497288546174532e-18
9.937958294232105581e-18
9.777880117651581231e-18
9.748139536046083606e-18
9.791847924476766732e-18
9.798254339989268554e-18
9.763316188505828446e-18
9.854164642566920139e-18
9.761200328985439603e-18
9.678621706256721446e-18
9.778450088485882702e-18
9.814078084408920344e-18
9.873429752337574259e-18
9.871033310540591334e-18
9.963820794862334382e-18
9.910936115042423397e-18
1.001919356440359876e-17
9.912747610996866602e-18
9.887458738630918604e-18
1.018066880774267646e-17
9.992363688355202249e-18
9.900746634120184805e-18
9.909223431834817009e-18
9.852100856436899869e-18
9.847732018620101948e-18
9.944228518102681995e-18
9.852289505919089222e-18
9.880779766966674845e-18
9.773070007115537720e-18
9.867340573970451063e-18
9.925321959447544283e-18
9.914663025627184640e-18
9.826682457331527774e-18
9.798658147497083438e-18
9.968915295073350499e-18
1.000898201963947260e-17
9.906767638650898368e-18
9.972088231075337276e-18
1.004211536561013154e-17
1.003947108564930312e-17
1.000400703136583348e-17
9.981467314597047546e-18
1.002625112542554166e-17
9.988224657375607528e-18
1.004843233862700782e-17
1.005241734365721535e-17
1.008330301788718009e-17
1.007392466632100309e-17
1.013681049646011624e-17
1.022894059506475004e-17
1.019133977821870637e-17
1.010591239937030866e-17
1.001200417781410285e-17
9.994899472675610185e-18
1.017659226609590381e-17
1.026950910659071851e-17
1.031125714980976975e-17
1.045112004799376058e-17
1.056223781652302119e-17
1.070938071448108395e-17
1.090376495163137786e-17
1.057067019184752967e-17
1.028534241294703468e-17
1.002595309316571038e-17
1.031563968059926648e-17
1.040479516076577532e-17
1.010659829366233359e-17
1.072393933910136017e-17
1.061535566946993971e-17
1.058823276797997141e-17
1.065519375510437042e-17
1.077369429348842108e-17
1.087521023455620093e-17
1.099394335676934120e-17
1.063354920390360394e-17
1.068936368949647004e-17
1.060442729476952939e-17
1.046179294393608958e-17
1.046197102541585862e-17
1.036822236416946795e-17
1.033921436712646727e-17
1.027666568737014598e-17
1.037592591446615554e-17
1.038224930946705402e-17
1.048360268577222085e-17
1.038396463586358853e-17
1.037734111749406437e-17
1.044124866259065108e-17
1.023215407661496871e-17
1.042736207121341418e-17
1.032997886725678925e-17
1.034349082126240312e-17
1.048957224761883115e-17
1.033403898803396931e-17
1.029723644902689373e-17
1.038418516372390257e-17
1.041022809267579562e-17
1.016579248608695888e-17
1.007122332572519326e-17
1.062462793902786354e-17
1.021691739840010324e-17
1.016117992253699148e-17
1.020988624139148840e-17
1.033356108466944014e-17
1.047447240414259280e-17
1.055923437084234249e-17
1.040678551596962555e-17
1.044465964292032770e-17
1.045417400137613837e-17
1.045218133785849358e-17
1.040313115545779567e-17
1.042811095818537233e-17
1.057348797574087365e-17
1.055045148247898407e-17
1.054606628192206964e-17
1.063511390771482258e-17
1.061106651096953064e-17
1.072569369135889470e-17
1.066798883500393591e-17
1.063528269002243188e-17
1.065592711092347713e-17
1.047868772365103557e-17
1.036601433269285258e-17
1.022038229620565835e-17
1.027225390349119265e-17
1.040166868278713124e-17
1.047870488745610837e-17
1.057519611693503002e-17
1.070981750831189585e-17
1.061914094753751501e-17
1.054156538445491623e-17
1.052691285074736922e-17
1.059222197090691902e-17
1.055307831539610522e-17
1.052673428085285251e-17
1.056761617992825535e-17
1.061511759393469368e-17
1.074526686727264437e-17
1.069430945980077394e-17
1.069351733831857799e-17
1.077698316575868391e-17
1.073035970140472026e-17
1.050272904287506944e-17
1.050221927488985857e-17
1.062307393702875040e-17
1.063488793562757272e-17
1.050870036113522859e-17
1.055127204509794694e-17
1.025779985949444596e-17
1.041039421914119101e-17
1.057292296101598525e-17
1.056176243860215237e-17
1.054845647536464681e-17
1.057463189020674340e-17
1.051560769780982397e-17
1.031001356353238921e-17
1.057207122867536250e-17
1.053573526862308952e-17
1.048335119220720453e-17
1.070077810798841968e-17
1.062748367632566977e-17
1.059383326870392534e-17
1.061265874636801379e-17
1.090184195063013821e-17
1.067257233834003207e-17
1.060276409089820281e-17
1.072346317255425222e-17
1.071392131240377298e-17
1.071683796142773680e-17
1.069926204530520297e-17
1.099364136330165290e-17
1.087723687660572376e-17
1.085074964859271059e-17
1.107288053185417727e-17
1.107051077770834823e-17
1.086981683440727218e-17
1.085144631314883628e-17
1.087364238760496456e-17
1.084354859325577078e-17
1.088251709353146873e-17
1.105163805940391681e-17
1.071360250761795357e-17
1.083991684465515299e-17
1.083968375405481673e-17
1.093287282165025811e-17
1.087009521108179997e-17
1.083192993281971102e-17
1.083989978164802882e-17
1.076822776735439850e-17
1.080260831757621101e-17
1.074859149805625160e-17
1.063174913698145547e-17
1.068514751029305187e-17
1.076312635030696210e-17
1.063195155457171177e-17
1.071622406610516861e-17
1.072088588362973565e-17
1.081709601576077956e-17
1.082619494683326287e-17
1.061967468306421716e-17
1.068039230707113147e-17
1.062857037924684908e-17
1.062658508886188354e-17
1.064285480192597016e-17
1.086965417721573281e-17
1.062706170762158102e-17
1.082964805068092758e-17
1.091396266699551777e-17
1.083322164885300974e-17
1.113797257109302677e-17
1.087920747865537145e-17
1.096580444723642895e-17
1.094676048868492373e-17
1.114674830667583125e-17
1.086878051738161306e-17
1.104531804124181737e-17
1.084428540750270495e-17
1.093593962345732994e-17
1.100705428178489776e-17
1.107291932022775436e-17
1.127442230685550827e-17
1.099380927149692624e-17
1.092826075339920717e-17
1.095263211593607804e-17
1.135027857678214542e-17
1.135547910625903432e-17
1.088995291200518187e-17
1.112157924066332344e-17
1.140867176968219161e-17
1.109309464755038212e-17
1.108921623401377656e-17
1.068600742047694146e-17
1.095671650070420633e-17
1.116399822072209903e-17
1.121365133491983201e-17
1.064172921843140217e-17
1.106390426282873180e-17
1.089381744467526002e-17
1.107793944391549654e-17
1.096050750355931706e-17
1.081983127997493538e-17
1.099422339452756027e-17
1.039062078699199847e-17
1.067630349859263188e-17
1.083402923182125151e-17
1.080184010395202051e-17
1.094127655450111381e-17
1.139170146274473649e-17
1.119944861184334570e-17
1.110970548057648336e-17
1.117602967158426491e-17
1.147912838759490762e-17
1.147449443983509222e-17
1.135916053943729253e-17
1.115281895762431623e-17
1.110186618696083483e-17
1.135359573973282236e-17
1.142498761125207625e-17
1.142564323942639612e-17
1.140581513400987116e-17
1.140215525986737724e-17
1.138827528929431710e-17
1.135546529978833491e-17
1.116732864862007089e-17
1.128572773172944978e-17
1.153078945470247441e-17
1.133696079751564315e-17
1.116891561145206528e-17
1.116839110589814198e-17
1.086931113386893028e-17
1.094489993811151487e-17
1.134631012350177761e-17
1.116224010350699821e-17
1.114071231086078539e-17
1.106375195057834495e-17
1.099709033851496714e-17
1.109682318024079053e-17
1.106288592905227742e-17
1.096501029108501900e-17
1.133304480655453435e-17
1.126993226020029089e-17
1.121589909048902906e-17
1.107040465133259639e-17
1.104976251520903501e-17
1.116367593178352856e-17
1.119720633249381149e-17
1.205706017588830841e-17
1.141666969803722452e-17
1.132362914600113919e-17
1.147815295946330476e-17
1.153252034948939845e-17
1.139822965106530276e-17
1.129468904415616374e-17
1.151055725213200820e-17
1.113325912750175992e-17
1.134030335523340073e-17
1.126923814329353125e-17
1.127906066637834572e-17
1.094602814222431381e-17
1.111486866757096290e-17
1.132819823087284941e-17
1.137500587851560404e-17
1.140663834699692948e-17
1.142330948223082250e-17
1.140155072428300972e-17
1.141736270102649339e-17
1.141790981963978500e-17
1.154460643981200227e-17
1.139877575718333549e-17
1.131819558632603827e-17
1.144620241355666778e-17
1.141797449058311908e-17
1.115674998588224515e-17
1.133375151696927506e-17
1.162040017962883757e-17
1.170953101035270185e-17
1.152521490136428187e-17
1.141527693686240204e-17
1.149482748468675954e-17
1.151647131844696098e-17
1.140136880633501270e-17
1.157247250604260616e-17
1.169767779704827322e-17
1.131388926509858413e-17
1.151443431189631462e-17
1.191122026758208714e-17
1.114399391554575791e-17
1.170337383419251032e-17
1.198649341269308068e-17
1.151995834794970885e-17
1.149907893733164493e-17
1.146869011121775497e-17
1.144308501810644702e-17
1.141048201637083497e-17
1.142735871651066466e-17
1.149690291939744919e-17
1.152705844630200276e-17
1.147201290634937163e-17
1.152537375788988367e-17
1.136128502137048784e-17
1.150766977438949433e-17
1.149509591495567011e-17
1.146199335829492384e-17
1.156107163376696970e-17
1.155257768160497465e-17
1.165390049257176197e-17
1.195841349390667025e-17
1.157324486916100684e-17
1.140828368111779149e-17
1.149410378564732743e-17
1.149286437239717056e-17
1.150150074548421893e-17
1.159734655887487908e-17
1.154369421256198318e-17
1.156475812212877753e-17
1.151513123863451601e-17
1.160301933632404819e-17
1.163282720657941908e-17
1.182251738717453413e-17
1.176493075336015582e-17
1.161253630083383779e-17
1.158863559475209603e-17
1.174125084036461281e-17
1.176482764222209830e-17
1.201932509914676316e-17
1.165669571596531954e-17
1.156174308828398585e-17
1.181260528725863315e-17
1.172500390079531465e-17
1.177668463713366823e-17
1.170754992669304403e-17
1.177220000413788479e-17
1.170967616692334922e-17
1.179952138442752996e-17
1.177729301455954665e-17
1.186579828938178543e-17
1.182070020647431691e-17
1.178325299693396050e-17
1.210510243072680818e-17
1.225403528651058097e-17
1.239104114728229833e-17
1.266717283599688167e-17
1.284800973591250422e-17
1.317045070606706191e-17
1.367915565317661612e-17
1.392195067859455969e-17
1.376566310215583730e-17
1.339787737589502149e-17
1.316788558490443286e-17
1.228005947274748460e-17
1.203343597029853989e-17
1.224023419038889486e-17
1.207673828621811567e-17
1.210183527916704568e-17
1.211984199122977295e-17
1.205048037886219913e-17
1.204212861819640454e-17
1.244981331715697367e-17
1.205103926164252361e-17
1.186113362343685204e-17
1.190118276824503832e-17
1.191419574978776665e-17
1.161482019580632561e-17
1.169529006833362295e-17
1.200707185942362740e-17
1.180459735569882534e-17
1.185823830484911896e-17
1.180549857922824435e-17
1.198837548193868032e-17
1.195557341787520983e-17
1.204662441620873219e-17
1.192150173065912394e-17
1.182672586875054597e-17
1.222253402126298440e-17
1.243989109900450352e-17
1.207301080361918172e-17
1.185812319703575702e-17
1.207714000932283288e-17
1.210062625040400623e-17
1.213197990737949328e-17
1.197272132691290777e-17
1.220832528084478685e-17
1.188266588499993464e-17
1.193540994785521275e-17
1.216333811989492199e-17
1.171347179717775983e-17
1.193769375569482425e-17
1.242470795171187551e-17
1.215212143843217635e-17
1.200299779397242644e-17
1.177391935752362921e-17
1.206832504582565343e-17
1.225934458118823448e-17
1.202247275509596863e-17
1.101239504664551729e-17
9.788252869525472715e-18
1.123221049190770585e-17
1.434284171522491251e-17
1.243361809627055756e-17
1.201965812900196600e-17
1.176713986893598226e-17
1.189388052302185995e-17
1.193194759224872823e-17
1.188921292194160915e-17
1.212408753535432296e-17
1.208724644439329140e-17
1.287039856209602476e-17
1.217509459871441407e-17
1.230489142564319155e-17
1.245821717940869113e-17
1.205127503286760288e-17
1.200857093045526568e-17
1.204563245688034098e-17
1.224354416210255102e-17
1.209470291272990900e-17
1.206821382224990377e-17
1.197277128878703397e-17
1.215989850080761278e-17
1.204093784246401379e-17
1.155205475815909021e-17
1.187122834166461965e-17
1.184094870367924050e-17
1.174797937238316509e-17
1.234356996203188769e-17
1.185981152562761833e-17
1.216582554489558663e-17
1.202624538071248154e-17
1.179867610461411219e-17
1.247104672332289897e-17
1.229769024893813255e-17
1.205199921944626261e-17
1.259766445667391635e-17
1.198195488964313132e-17
1.187048666090205580e-17
1.232729823201544620e-17
1.200633432938331599e-17
1.261104139622327169e-17
1.246978313244152641e-17
1.283620725603027563e-17
1.252812695462579108e-17
1.271362004885465444e-17
1.288656733936636636e-17
1.240292559636538191e-17
1.221399874340975441e-17
1.252361768565168568e-17
1.226995962843319360e-17
1.224755020104241809e-17
1.251330912886712930e-17
1.232201667840907663e-17
1.239181405225587960e-17
1.242926101533591318e-17
1.206965828197583638e-17
1.212018314609138074e-17
1.234528427505951989e-17
1.229016480341194858e-17
1.226191581619967936e-17
1.205963877681830263e-17
1.193363010069992822e-17
1.206108144617505312e-17
1.221255546753615217e-17
1.257458407858415344e-17
1.233393996247749441e-17
1.233373773804925548e-17
1.210796824419865172e-17
1.240488061237184508e-17
1.186681576643087749e-17
1.223359062422589740e-17
1.224633633100900969e-17
1.254276354474815883e-17
1.260919727469847313e-17
1.273729373126853053e-17
1.297677012701890644e-17
1.224333727935290347e-17
1.221385472697416659e-17
1.224887072383283936e-17
1.212380553654288420e-17
1.231729759370328070e-17
1.221587951681253933e-17
1.225634544941717426e-17
1.231246947239590806e-17
1.239950778273724053e-17
1.258986169203147709e-17
1.238547563067828304e-17
1.237365453959952836e-17
1.238151632670935838e-17
1.233963591728386917e-17
1.215583473897259280e-17
1.240966821127230676e-17
1.263596871425256534e-17
1.236488669231182332e-17
1.231600663900990450e-17
1.247550617152307100e-17
1.241579165184377129e-17
1.248505953371476612e-17
1.238346665642757437e-17
1.251473103198222109e-17
1.286774068436054138e-17
1.268023551466169959e-17
1.255584495183881862e-17
1.272678525368333238e-17
1.262103113295279232e-17
1.258598206744472796e-17
1.301959096003475290e-17
1.268205134995554304e-17
1.255792029881199779e-17
1.245181592958852370e-17
1.254583944049133148e-17
1.303159424146938082e-17
1.326029382013706361e-17
1.304423759868225264e-17
1.276969921050732266e-17
1.290826676858786149e-17
1.287578999621522945e-17
1.273022787316538488e-17
1.268552919007595858e-17
1.312302831410354964e-17
1.333080930006319659e-17
1.322708273170038513e-17
1.303458126885135692e-17
1.347375248466332911e-17
1.307254138467308174e-17
1.264265998643279501e-17
1.312376566836898206e-17
1.236332930744826183e-17
1.237423205088520746e-17
1.278932841691793613e-17
1.274224546348485514e-17
1.284514852797831531e-17
1.240369467056565305e-17
1.262663236627255262e-17
1.252740104424389516e-17
1.284367337255512840e-17
1.308262082607198976e-17
1.288792280256767993e-17
1.290468370300485824e-17
1.289114259306925413e-17
1.355090006558263473e-17
1.293959663982239480e-17
1.344968536985225367e-17
1.315386411493111245e-17
1.370667116805199075e-17
1.334513497964184025e-17
1.316397204748200012e-17
1.313868466387419262e-17
1.316152162198276503e-17
1.306017142364929927e-17
1.299973962220925468e-17
1.295791105512815484e-17
1.283767394367199359e-17
1.292098452506417392e-17
1.295405192721509051e-17
1.297845899652657062e-17
1.300930558510602938e-17
1.295377869180536466e-17
1.303852190913341770e-17
1.279075711330236075e-17
1.312163943253037030e-17
1.311265897406525282e-17
1.307354245187957786e-17
1.394121379440866740e-17
1.364012962470102163e-17
1.313686194706341640e-17
1.290289511077949835e-17
1.306856219951886500e-17
1.313124634990639949e-17
1.304527088219767667e-17
1.312393115358187385e-17
1.302006436268895584e-17
1.318913235957242867e-17
1.326348668918592113e-17
1.336255558747941836e-17
1.338575827054963633e-17
1.332763899412034319e-17
1.345406207934166384e-17
1.351909702827350119e-17
1.347357857786162309e-17
1.376841533890698494e-17
1.408247808340142898e-17
1.354920260894985833e-17
1.391967006183996883e-17
