1.962596020045733726e-15
1.914797153026570564e-15
1.891547737406144636e-15
1.927575341379216902e-15
1.920326753004127063e-15
1.907026259788443312e-15
1.978929115728439834e-15
2.027800745443196847e-15
1.983596843684168871e-15
2.155932181316096004e-15
2.046013264273742794e-15
2.096782325579068968e-15
2.115132367639741665e-15
2.008917666160200944e-15
2.094972634738977483e-15
1.997941916402122093e-15
2.025686101783199072e-15
1.941215509503094185e-15
1.987845866677854787e-15
2.081241983449565983e-15
2.062956509189780426e-15
2.004056023655085237e-15
2.061202175320471241e-15
1.949037452321044023e-15
1.992006225186920285e-15
1.987503169604472905e-15
1.973982286848958778e-15
1.999002086056853482e-15
1.943273972199236717e-15
2.170102271291449598e-15
1.941205228205435230e-15
2.084748255742195959e-15
2.119987959727961646e-15
2.090679241495614823e-15
2.142863096610624519e-15
2.087598037639523264e-15
2.131750732762268094e-15
2.150292274428438389e-15
2.273744733776511525e-15
2.315990432398897922e-15
2.237530355351915414e-15
2.394144451923220677e-15
2.288988664900285605e-15
2.217133896670620720e-15
2.339128869770389820e-15
2.202898576355805595e-15
2.204495142469603527e-15
2.186770749839356855e-15
2.377552343650966324e-15
2.450533098610495903e-15
2.449191923798421579e-15
2.367921860666372982e-15
2.325345972129458765e-15
2.247899458453192269e-15
2.143516024526720234e-15
2.093612658383781805e-15
2.040288045210140934e-15
1.989002556430274349e-15
2.026814773412145884e-15
2.120995183346312492e-15
2.158394447416644560e-15
2.171581734274016200e-15
2.211866923111182558e-15
2.265809292145526694e-15
2.278006331564314314e-15
2.286556073433654097e-15
2.213001579458205577e-15
2.418636465586766217e-15
2.286235922243403461e-15
2.173651296232903109e-15
2.211066801668156073e-15
2.160462021964473133e-15
2.199430749919451572e-15
2.126171191362251729e-15
2.134134957401272603e-15
2.166546578427142204e-15
2.250316498929156119e-15
2.436282831376027927e-15
1.794992742350958837e-15
1.984869264302353879e-15
2.713238767931292455e-15
2.673125222341968071e-15
2.163440275560384558e-15
2.457065971073060119e-15
2.613518430555819760e-15
2.504433461202083721e-15
2.232622924561542278e-15
2.288440954255577989e-15
2.588462266789697655e-15
2.535103770706074121e-15
2.229205440477990762e-15
2.052650995558439519e-15
2.542873647630472442e-15
2.350507029498495632e-15
2.265692728106177921e-15
2.156249503533299686e-15
2.112182959716538017e-15
2.172777327219762552e-15
2.094854929520921233e-15
2.191161593371270838e-15
2.277520258843424138e-15
1.268050551467564747e-15
6.576665533435082831e-16
7.111981671440450886e-16
1.698545997810929221e-15
2.316276769536243693e-15
2.438429258225220538e-15
2.411858227198631500e-15
2.404248658462191212e-15
2.209920936449865260e-15
2.174008279656420225e-15
2.175245987149254227e-15
2.164040773309864934e-15
2.135396075294921039e-15
1.832863316054220463e-15
2.137791784536991156e-15
2.515426018039214296e-15
2.187709947746333073e-15
2.294179942823376319e-15
2.265121084638563079e-15
2.257880029898507043e-15
2.707656183380454164e-15
2.274711018473562877e-15
2.425694904106419469e-15
2.324030453597833993e-15
2.479878814190687672e-15
2.915113114600678987e-15
1.724791486130274479e-15
2.453808271924451664e-15
2.284055478345552698e-15
2.276944511089692473e-15
2.176397598744853336e-15
2.217337639541235856e-15
2.139069222835803108e-15
2.378181012818028620e-15
2.311712529118236313e-15
2.439062829678151180e-15
2.299360082927021787e-15
2.336673743960775035e-15
2.416062931027854918e-15
2.495990882424898466e-15
2.581656335456132092e-15
2.718674948938827815e-15
2.616164343539217650e-15
3.299249646002118981e-15
2.756988880245695918e-15
2.022963998698129151e-15
1.249527211297091764e-15
8.347514975935441440e-16
7.389763733195855503e-16
1.768143420901934796e-15
3.008745837458163739e-15
2.353773939751719900e-15
1.200800710223342278e-15
1.035212228089173888e-15
2.424907695452421013e-15
3.609818794953526009e-15
3.263801367354855169e-15
3.902571064909025043e-15
4.104759727042242669e-15
3.374979072528647520e-15
3.095663289582630356e-15
3.765385115989538765e-15
4.118256953006608193e-15
4.219169851348679510e-15
5.049651758264778166e-15
4.710183856733168870e-15
5.240719481982510582e-15
5.576353538887756744e-15
6.013897638586290845e-15
5.492557341925647276e-15
4.778041451038252543e-15
4.298266906175454117e-15
4.217604241078527244e-15
3.964482962639328555e-15
3.604577605966844027e-15
3.081650987510769245e-15
3.138837448369683656e-15
2.880209333417977357e-15
2.741085896403027858e-15
2.824625849763106910e-15
2.577818095460507114e-15
2.529902261780011322e-15
2.512224964570117270e-15
2.493110510155050517e-15
2.529399244129047645e-15
2.594353530218028333e-15
2.641331828133305753e-15
2.421528388893911718e-15
2.395137731821752499e-15
2.538631576238090082e-15
2.556007960380606322e-15
2.602444799380442514e-15
2.420888716076341160e-15
2.735043323550224486e-15
2.241810989875215079e-15
2.397329853529592336e-15
2.203408389365162547e-15
2.283615396312945243e-15
2.357585963524759951e-15
2.219295676608918874e-15
2.181238959947668654e-15
2.421032335353706091e-15
2.283635264804879428e-15
2.678460418964572794e-15
2.248112075625001263e-15
1.239438536638226404e-15
1.278595277059348582e-15
2.770595693936823840e-15
2.585810310126588163e-15
2.491048118886087837e-15
2.602883661400635096e-15
2.584611894538343274e-15
2.814492982567555643e-15
2.568673758473966821e-15
2.492726875932337299e-15
2.480340271998838579e-15
2.377803567196356642e-15
1.623796413915704900e-15
1.809770054191521910e-15
2.638248553311722182e-15
2.371979358766104454e-15
2.317572340306340211e-15
2.188669747571753773e-15
2.423838462393817191e-15
2.211268405967010180e-15
2.327327726284228387e-15
2.379545557201762648e-15
2.383899713792479170e-15
2.461676715039220978e-15
2.585951021090854961e-15
2.543844154535576657e-15
2.518639872607824924e-15
2.567228925415670043e-15
2.959084229686276311e-15
3.076578319382466171e-15
2.613034513595759902e-15
2.419716637077600894e-15
2.417463536475272243e-15
2.427768722707887566e-15
2.406052745372500531e-15
2.273817254252559064e-15
2.206494345312051378e-15
2.270890438366419370e-15
2.274365284275770052e-15
2.354706621700658065e-15
2.555657027460913856e-15
2.424685271342525323e-15
2.486209437919017597e-15
2.920380442854289517e-15
2.584207054827784936e-15
2.472959929457422523e-15
2.594250047251271261e-15
2.527724335538988809e-15
2.626526350443350449e-15
2.864570289318456393e-15
2.967788805433779889e-15
2.778788236820687281e-15
2.919984151153943969e-15
2.874934821251186523e-15
3.054857486840982605e-15
3.301102516952110738e-15
2.809493804663161056e-15
2.735529534039892563e-15
2.766286309864341666e-15
2.607980876873486736e-15
2.546499397649730901e-15
2.676908862407836349e-15
2.693810310336753113e-15
2.668027976162652447e-15
2.797490079798466560e-15
2.367435918811493496e-15
2.602024957724812264e-15
2.303458048609622910e-15
2.451365504151163829e-15
2.412357075035714643e-15
2.298099287632767795e-15
2.242527841235853328e-15
2.241188064722662530e-15
2.338624957041894687e-15
2.317817027212625472e-15
2.256094393451843455e-15
2.364860542752991079e-15
2.317036131911890177e-15
2.393394469732567880e-15
2.471781651068980091e-15
2.717985703705952768e-15
2.326695240518704632e-15
2.425653331970782084e-15
2.434381130505024532e-15
2.472155788464183951e-15
2.383118127963000511e-15
2.448510915776540727e-15
2.421055930294690709e-15
2.596842836779044725e-15
2.583719375250734132e-15
2.910142709126059950e-15
2.727104085161846385e-15
2.706932867142464834e-15
2.751964626433289867e-15
2.641426769149512294e-15
2.669104024553902697e-15
2.503767319648440732e-15
2.575128641830245993e-15
2.460168280946719676e-15
2.625131767468327825e-15
2.610222676606688342e-15
2.610699904943863887e-15
2.699201665204284066e-15
2.715180007611760758e-15
2.633349884822293408e-15
2.574823061898196296e-15
2.418294478457490651e-15
2.598125330586573233e-15
2.393667119196226694e-15
2.658508315122417595e-15
2.457919641191138135e-15
2.616322806982651775e-15
2.560608276434881114e-15
2.623027599168673908e-15
2.572540563328273269e-15
2.547831727638896230e-15
2.632078276982421142e-15
2.565168332649420248e-15
2.536778460275589402e-15
2.654795525815957967e-15
2.549585509463581783e-15
2.482735821344288157e-15
2.560622140952271266e-15
2.459664884550420404e-15
2.517657891384848827e-15
2.467658977310157995e-15
2.524976648634875092e-15
2.617885819345560982e-15
2.707819133302682190e-15
2.857010754345086608e-15
2.850871632215165025e-15
3.002539831373396685e-15
3.243443754631305955e-15
3.508292881084626880e-15
3.963493778518219600e-15
4.477740671287212680e-15
4.859891465841409991e-15
5.178278021359229985e-15
5.596810991916964483e-15
5.941165331442387510e-15
5.548325022639202080e-15
4.745238719806012009e-15
4.118425790493771033e-15
3.704923959013611024e-15
3.473766209695032225e-15
3.470001659187792834e-15
3.544109233569146002e-15
3.301671656306323646e-15
3.181497599702947095e-15
3.025856620783703376e-15
2.796619939665535286e-15
2.726230040550229811e-15
2.701975511104491053e-15
2.625812437849979639e-15
2.616723043221598180e-15
2.526383582646624777e-15
2.524625089389888923e-15
2.631660661598704850e-15
2.544860870825138588e-15
2.448848699771652557e-15
2.496926302347464676e-15
2.456083189980092388e-15
2.401625682531479816e-15
2.392638400084572650e-15
2.427751589925100582e-15
2.418699008384840249e-15
2.443728830526592447e-15
2.409447914320904076e-15
2.391872801392051013e-15
2.401663441789376970e-15
2.410899228844519075e-15
2.395757923246304307e-15
2.438988584761614198e-15
2.376288964268080252e-15
2.469266627401496324e-15
2.403291344573732505e-15
2.400259572858668780e-15
2.381661886071634197e-15
2.414225894564052326e-15
2.399042277688810321e-15
2.462638461190677461e-15
2.478862713498154497e-15
2.479217818990218283e-15
2.471301660268902804e-15
2.504512663259877031e-15
2.525723677064991408e-15
2.489644548431462041e-15
2.548401692282140526e-15
2.585350940048732594e-15
2.514343364280624266e-15
2.465310332087110359e-15
2.465093849779997821e-15
2.469231623599557910e-15
2.460448267457420731e-15
2.521200305392169548e-15
2.485371692734165555e-15
2.564170841294568727e-15
2.601374573593810343e-15
2.595019318089209120e-15
2.591619335555183952e-15
2.599462862468821177e-15
2.627038233239686185e-15
2.658725876655595859e-15
2.621158353516452481e-15
2.535102067114474345e-15
2.625536075231396548e-15
2.660884968438984541e-15
2.604084200324986176e-15
2.637614297078234229e-15
2.772447143982376569e-15
2.612180628178357726e-15
2.636687326504850729e-15
2.784162962433347685e-15
2.717295222152337433e-15
2.664516720815043943e-15
2.700203629575582690e-15
2.663179941291129461e-15
2.696442045883639897e-15
2.655107493476455899e-15
2.608995915587231548e-15
2.575728078405362347e-15
2.546968782275505048e-15
2.593184495964927997e-15
2.611387529668353478e-15
2.634696814049737935e-15
2.607800765670402548e-15
2.625279804601071432e-15
2.723697400207219696e-15
2.748645568789646979e-15
2.629504479535630533e-15
2.753930912956879045e-15
2.722122442179344706e-15
2.695038965318954505e-15
2.719089624273156028e-15
2.805887642824984221e-15
2.619653104208467728e-15
2.703627185932659035e-15
2.606594782871457981e-15
2.613096959114802569e-15
2.650740764113794465e-15
2.587101594780335647e-15
2.678589328338214537e-15
2.660488968237223802e-15
2.602846604510674217e-15
2.638349938354619540e-15
2.576677484889335784e-15
2.658022847808818957e-15
2.610888710487451694e-15
2.636812713723492745e-15
2.680782796470014724e-15
2.611689652235536065e-15
2.678870672772928479e-15
2.634780344011082911e-15
2.664949985546333556e-15
2.643874692381423210e-15
2.655597097354062834e-15
2.623594136251565440e-15
2.695280365975380578e-15
2.636153830396093126e-15
2.616967986537812914e-15
2.638632573385698683e-15
2.620226771071697684e-15
2.605724291720620891e-15
2.618674218898259939e-15
2.645872384220237918e-15
2.633945259968920261e-15
2.648061212484385346e-15
2.661032593906832154e-15
2.628932862675153332e-15
2.657278708094826659e-15
2.690194025758989210e-15
2.666840714826023858e-15
2.716634361926465909e-15
2.672539191852499403e-15
2.654929018295237772e-15
2.600629576954596060e-15
2.699938955233532054e-15
2.700895096742980935e-15
2.692496111616277170e-15
2.714868855137645268e-15
2.715737706278510268e-15
2.739513173193212742e-15
2.775330295063790076e-15
2.740002803735986320e-15
2.782357169680500517e-15
2.792325201297532846e-15
2.757339273907654923e-15
2.773913634437247418e-15
2.772487199284962990e-15
2.755021331203781334e-15
2.768833120381549044e-15
2.773310984123533246e-15
2.767821110367924998e-15
2.792475878142228152e-15
2.807935199226300709e-15
2.827678741821517359e-15
2.868345459393180765e-15
2.891910070860723842e-15
2.906818614003053387e-15
2.914117544635546417e-15
2.889406123702867785e-15
2.956115961082224016e-15
2.954529633689471665e-15
2.920246830305559603e-15
2.847731976460578992e-15
3.001846995761042717e-15
2.845361730583590064e-15
2.823331297437531515e-15
2.829046918826486821e-15
2.779110898325691782e-15
2.775831342945102676e-15
2.780639150896186923e-15
2.768389062740770778e-15
2.818694834412140037e-15
2.855415191853073157e-15
2.788806054927438967e-15
2.784136109423193806e-15
2.761170815866410379e-15
2.848158714660084917e-15
2.794119753131256532e-15
2.750497152838177319e-15
2.723412603697146652e-15
2.743512029184509432e-15
2.716032945810663779e-15
2.772613576899691100e-15
2.790700318530035513e-15
2.819956325096586201e-15
2.810780314890393134e-15
2.801853829795400702e-15
2.865054059811738682e-15
2.829939778778013467e-15
2.903985740367235713e-15
2.926649418931543562e-15
2.839355912246210036e-15
2.810133452821590132e-15
2.846469750690130950e-15
2.768454651156073095e-15
2.780230603116493720e-15
2.827179017503625309e-15
2.779507044620081252e-15
2.856071691339567439e-15
2.861623218262068780e-15
2.741177051020955461e-15
2.829034509190368503e-15
2.858511156601339288e-15
2.777555840632891345e-15
2.818084920770224197e-15
2.849745411949428975e-15
2.823308665295510808e-15
2.780802524860620982e-15
2.810117533995381343e-15
2.792839439138195830e-15
2.827788177314937647e-15
2.814570447415487573e-15
2.870816278355375542e-15
2.792955839616694742e-15
2.791445042596837542e-15
2.767376603698562359e-15
2.787837366137515374e-15
2.774057294800174089e-15
2.763616206735240394e-15
2.745920401445908068e-15
2.780712794779877896e-15
2.769718202300795166e-15
2.780565831471210304e-15
2.798154696484156855e-15
2.789705288928489626e-15
2.766762323566597129e-15
2.889212144848749601e-15
2.859883556534642896e-15
2.849677647468880444e-15
2.826905828755391647e-15
2.843756278161270311e-15
2.880820947524377742e-15
2.933240823797299273e-15
2.891587470172865632e-15
2.860379162580357612e-15
2.880459133192352085e-15
2.823440282425302693e-15
2.846965099901356777e-15
2.778510092256276930e-15
2.757765415284571987e-15
2.768403713581586580e-15
2.784247199302125860e-15
2.821620378534592473e-15
2.838660042982684911e-15
2.773298793945583804e-15
2.805961957119450330e-15
2.846663521357559558e-15
2.828725768709323066e-15
2.869043711856242462e-15
2.886871061743135802e-15
2.848364976601806812e-15
2.827249098606857150e-15
2.830920412422307242e-15
2.841892469249362626e-15
2.851482332693635292e-15
2.845920424209596702e-15
2.863118619646975398e-15
2.917049412835284863e-15
3.144422975861848467e-15
3.117827175576891353e-15
2.865820954574170437e-15
2.874662456574326560e-15
2.883374146586471654e-15
2.867538508210969097e-15
2.918325469735892780e-15
2.915837482273866834e-15
2.905623908550823227e-15
2.895389075570818240e-15
2.905197745834711440e-15
2.929221266822987409e-15
2.962438190681905964e-15
2.995063943039480949e-15
2.958452775112247092e-15
2.929949374790084435e-15
2.936122791517799110e-15
2.934149232723100022e-15
2.913427677127660528e-15
2.887020738508986218e-15
2.897902032838398099e-15
2.873571027066359298e-15
2.860198338798290826e-15
2.864570573244497950e-15
2.865636311839202016e-15
2.863023601500550181e-15
2.848190824500735150e-15
2.796824162008210697e-15
2.843430434823285355e-15
2.870701807140077041e-15
2.873490276402335181e-15
2.867104295775083452e-15
2.817113141401038625e-15
2.933059886921120849e-15
3.007934183741060416e-15
2.906475499699570084e-15
2.935844624700136172e-15
2.934899255059536673e-15
2.970499714771186262e-15
2.968318513611183509e-15
2.976756576680171278e-15
2.965897226913349428e-15
3.043803324013383569e-15
2.971514537039919372e-15
2.976601020608213439e-15
2.966129202050408533e-15
2.975228753113430722e-15
2.950325895749802735e-15
2.956562265285929785e-15
2.941722179517376876e-15
2.938738901694569371e-15
2.965538059709740226e-15
2.989052015040058710e-15
3.017877411869821735e-15
2.998740184279413288e-15
2.982768773585687151e-15
2.995873725579626620e-15
3.025522016035053288e-15
3.056768061603920398e-15
3.066345061695863909e-15
3.064237298487776486e-15
2.968705597929669341e-15
3.009265787051180010e-15
2.909523422297957900e-15
2.962418532819939099e-15
2.998230653855029227e-15
2.973763700145476751e-15
2.921127969258687458e-15
2.963720866746386789e-15
3.010110057732504827e-15
3.026954333334910285e-15
2.979844644427603979e-15
2.997242932750324529e-15
2.995799712466569988e-15
3.019602773710198904e-15
2.971700112472454683e-15
2.963114536216019338e-15
2.977322486415568668e-15
2.979227954318740580e-15
2.968904295070053017e-15
2.996121087453451351e-15
2.967641832639935153e-15
2.942742009458418789e-15
2.973329705704420635e-15
2.984018534062952549e-15
3.001199937042149812e-15
3.000696539872989312e-15
3.029837563686850688e-15
3.013709614717824342e-15
3.047033554236571067e-15
3.014884710832454279e-15
3.006014290224275252e-15
3.095177825620136509e-15
3.036341212530806330e-15
3.010486051819553093e-15
3.014695276400063157e-15
2.996647999187896744e-15
2.995554819492967791e-15
3.023621026354446787e-15
2.997068953582538238e-15
3.006004951736152919e-15
2.972669966060491600e-15
3.002956620908045172e-15
3.019653130485270447e-15
3.016831983692084587e-15
2.989585618684463340e-15
2.983299018462457597e-15
3.033803230375212937e-15
3.045652383401574597e-15
3.014228189828469299e-15
3.034143558267983884e-15
3.055444321238888122e-15
3.054424857542088445e-15
3.044145098510102931e-15
3.036882528274450876e-15
3.051218072070286422e-15
3.039201055711517008e-15
3.058729797584061356e-15
3.058265246651867599e-15
3.069058190039704305e-15
3.066991518219055283e-15
3.085393706387768791e-15
3.112713316606066216e-15
3.101597271332790211e-15
3.076300998257125950e-15
3.047238158104260085e-15
3.042554100539588905e-15
3.096862355116653168e-15
3.126591000833595241e-15
3.138184964667332168e-15
3.181845881063033630e-15
3.217194660707001273e-15
3.261938596158774513e-15
3.320988391128266580e-15
3.220306282414561177e-15
3.135646346545880080e-15
3.057741605328102605e-15
3.145521338556760867e-15
3.175886999780320154e-15
3.087596679197294710e-15
3.278580142394231988e-15
3.249411310766144316e-15
3.245981419905374244e-15
3.269766142862195806e-15
3.308495936950563470e-15
3.338518642474380471e-15
3.366347734059097966e-15
3.260118616811059829e-15
3.275843832713583004e-15
3.248292290908279612e-15
3.198859815180703294e-15
3.195047924404840438e-15
3.163122557871888304e-15
3.152600386779268199e-15
3.132417063933074562e-15
3.160534278180982720e-15
3.163544763543199973e-15
3.194646408218753071e-15
3.163630407843440476e-15
3.161979739502935396e-15
3.181507138618363790e-15
3.118107488063488625e-15
3.177777675888387702e-15
3.148296105798155078e-15
3.152658044326761839e-15
3.197180581671509396e-15
3.148477940118354588e-15
3.136617812398881911e-15
3.162777005605789400e-15
3.171053115002545611e-15
3.098247719665142175e-15
3.068344219703457432e-15
3.237469073089221802e-15
3.112866666919288567e-15
3.096545300020375740e-15
3.111629318976564365e-15
3.149007415104318905e-15
3.191833071088363661e-15
3.218279044235165116e-15
3.170923133292853024e-15
3.184356807025530262e-15
3.186364264095509828e-15
3.185370989413158630e-15
3.171374178688389505e-15
3.178790796622415498e-15
3.225002745361829635e-15
3.217978550077102225e-15
3.215996157248391727e-15
3.244283291003394521e-15
3.238191646638297618e-15
3.273577758980422766e-15
3.256863124016694410e-15
3.246560715888328291e-15
3.252884220193969207e-15
3.197118338240197334e-15
3.162256873311179363e-15
3.116297437785303222e-15
3.131265060118730074e-15
3.170114683556913177e-15
3.192784913718486869e-15
3.220826122783726669e-15
3.262582483070041739e-15
3.235887659080343035e-15
3.210911102176580977e-15
3.206055306673354169e-15
3.226085074493783645e-15
3.216635304054544880e-15
3.209143461721890171e-15
3.221696812452059791e-15
3.236595367952110997e-15
3.276255302382934393e-15
3.260511896568019864e-15
3.260290068885670822e-15
3.284782266241073139e-15
3.272263370142633380e-15
3.202162368854341172e-15
3.202375574585947610e-15
3.239027202744491077e-15
3.244074872286596349e-15
3.203940345934801839e-15
3.216463289513911411e-15
3.128017631609732530e-15
3.175911745191507868e-15
3.225175382646630825e-15
3.222957125504147140e-15
3.217609812422352688e-15
3.226208210598948504e-15
3.207767882816885075e-15
3.144408221823851220e-15
3.225008082860268701e-15
3.213253608883363091e-15
3.197453196360430998e-15
3.262982414005431762e-15
3.241116694406645945e-15
3.230934549104699861e-15
3.237144159708360510e-15
3.323857188698051784e-15
3.254716309014466640e-15
3.233543744009882728e-15
3.270259970337001792e-15
3.264586904428803003e-15
3.267379164646798186e-15
3.262964556651596309e-15
3.353101122573017547e-15
3.317349347693000219e-15
3.310652745232156799e-15
3.377470439705147809e-15
3.379688056556207852e-15
3.317926149727848274e-15
3.313273206682805687e-15
3.319521695786029723e-15
3.310104044332355410e-15
3.320644615137383887e-15
3.372482201640909100e-15
3.269253374803689801e-15
3.308225228928125965e-15
3.308846932215458538e-15
3.336840907967865354e-15
3.317729842367346336e-15
3.307498328788547204e-15
3.309230893334103825e-15
3.289058018590848896e-15
3.299160633763515391e-15
3.282907307716465428e-15
3.247110181810121406e-15
3.259345743711220562e-15
3.281953703397947092e-15
3.244109526727205292e-15
3.267503786806599205e-15
3.269868830876300452e-15
3.302199359255414715e-15
3.304651270767572246e-15
3.239200702132703730e-15
3.257630431279175789e-15
3.243150981343868013e-15
3.241767935120879716e-15
3.246407965566228386e-15
3.316221291220822046e-15
3.243302711306704279e-15
3.304719477332197730e-15
3.330340615581836868e-15
3.304973298175822204e-15
3.396892387480832481e-15
3.318421855350126104e-15
3.348113304999161523e-15
3.339916957842727524e-15
3.402434437428808005e-15
3.316356672929212435e-15
3.367697074522095057e-15
3.310158603047013099e-15
3.336819452371545593e-15
3.359907942624482031e-15
3.379556561458987065e-15
3.440703933697781313e-15
3.355383707703226571e-15
3.334397092283144541e-15
3.346805135393549032e-15
3.465634602173512393e-15
3.469721469531787817e-15
3.325648176569493839e-15
3.397402962155833993e-15
3.484758749127025693e-15
3.387906306487019113e-15
3.385318769796313135e-15
3.262477768530675291e-15
3.346225593690130337e-15
3.410242459547930561e-15
3.423884372148932773e-15
3.249214876895845853e-15
3.377792452267578661e-15
3.327461864733881221e-15
3.384609507689910057e-15
3.348316268043272162e-15
3.304030726721236155e-15
3.358188755451584680e-15
3.173594357087714043e-15
3.260008062472780994e-15
3.309352600165060023e-15
3.302093255976465623e-15
3.343763310102111261e-15
3.480307091362050076e-15
3.419913297356965898e-15
3.392446532922087094e-15
3.411979758035500793e-15
3.505281502212386600e-15
3.503949800405464750e-15
3.468751941928229924e-15
3.406711180670936728e-15
3.392652780402539459e-15
3.468662182283233886e-15
3.489169527069662514e-15
3.491746840971746638e-15
3.486198523015649184e-15
3.484231535839266295e-15
3.479663899140490598e-15
3.469938499026186721e-15
3.413529290433903674e-15
3.447731604445191979e-15
3.523647097037141095e-15
3.464433697156419814e-15
3.412165489924139201e-15
3.413145280154572873e-15
3.323101128190884080e-15
3.343798820639313228e-15
3.467395369654512000e-15
3.409441082786617860e-15
3.407459634224026737e-15
3.381373630001196402e-15
3.362172420694977307e-15
3.390775382717966894e-15
3.380796981467141047e-15
3.348549761744182894e-15
3.465159055955026821e-15
3.441822473167199556e-15
3.427698899096088332e-15
3.383339279769104753e-15
3.377484294225334474e-15
3.413099688298799212e-15
3.423189453054348746e-15
3.685418758065437813e-15
3.490265778276485043e-15
3.461255072745754095e-15
3.509314052932550069e-15
3.525444151617373897e-15
3.484545966029986228e-15
3.451746324210706012e-15
3.517277829546011169e-15
3.403393993070802338e-15
3.466666794772990454e-15
3.446187929548449385e-15
3.448985460230434642e-15
3.347022573283938840e-15
3.398836742309354821e-15
3.464241153902451760e-15
3.478243089734686878e-15
3.487075487316723038e-15
3.491962568332936515e-15
3.486597284655469724e-15
3.491046862120812678e-15
3.490674370360872292e-15
3.529729956034706917e-15
3.484450856426622893e-15
3.461220099518274837e-15
3.500150092791846854e-15
3.492744051348946717e-15
3.412932678020506532e-15
3.463344164720646631e-15
3.550740720957564782e-15
3.582539031005341899e-15
3.524143704218139282e-15
3.490850990485579124e-15
3.513609719421225736e-15
3.522635781415972543e-15
3.481452320130618185e-15
3.536394837797595980e-15
3.574520492942148513e-15
3.454795620809055006e-15
3.520896330414001648e-15
3.634846226578459570e-15
3.407349796889805515e-15
3.570870951673883371e-15
3.665541928595230073e-15
3.517127335550489727e-15
3.511402033044944968e-15
3.499453126453107747e-15
3.495067778846995199e-15
3.484749399415066131e-15
3.487717082150334183e-15
3.513346207047638046e-15
3.525254793453393000e-15
3.503700421533406011e-15
3.521682087372296913e-15
3.471290092461844013e-15
3.516186446720535116e-15
3.510838134971452712e-15
3.500825555949934610e-15
3.532438465536736371e-15
3.528490845971656264e-15
3.560368051404208960e-15
3.653326715454682410e-15
3.537745799628712276e-15
3.487557692291030585e-15
3.513282454603524937e-15
3.512479708936164159e-15
3.516218988194175465e-15
3.544798595183305430e-15
3.528556338074253819e-15
3.535375569320244750e-15
3.523288260175899044e-15
3.550311765451210665e-15
3.556126690323366970e-15
3.613786463479434852e-15
3.595888467181051725e-15
3.546121597093913173e-15
3.542993437162452121e-15
3.590444426909115191e-15
3.598324024032723734e-15
3.670948350772503602e-15
3.561830950985267118e-15
3.533262395367087459e-15
3.610617389840336094e-15
3.584754575226655996e-15
3.601293669654077315e-15
3.580076432327658977e-15
3.598030853483763248e-15
3.581944960267147624e-15
3.607517252710569850e-15
3.601151376816317822e-15
3.628188929778788897e-15
3.619087461398692064e-15
3.608005142247011239e-15
3.706509970484444568e-15
3.759206108535506266e-15
3.804266659199835899e-15
3.893350147540422437e-15
3.951852193445640415e-15
4.056157420143154288e-15
4.217861132790803774e-15
4.301227042917645072e-15
4.258991831559023317e-15
4.134388447828536506e-15
4.055660016327275151e-15
3.777081184195990616e-15
3.693670565003057449e-15
3.759888844543612269e-15
3.704456579228379722e-15
3.710328839963955265e-15
3.713703639339002120e-15
3.689738951030397562e-15
3.688302851677018768e-15
3.810823601477900938e-15
3.691696097704791375e-15
3.632777802032493257e-15
3.646789637952171824e-15
3.643959176190123981e-15
3.554529561507778914e-15
3.583891632042550651e-15
3.676997465687500222e-15
3.615218645153143786e-15
3.631335583945310682e-15
3.609835864053147075e-15
3.669261937912554567e-15
3.662018982556307392e-15
3.686291344890573895e-15
3.651674494159991338e-15
3.619522266555518216e-15
3.741272510024796749e-15
3.807774717332240331e-15
3.694622012718218750e-15
3.627794005488222658e-15
3.696760120294075237e-15
3.703594970409656049e-15
3.713279871421300441e-15
3.664053416849943732e-15
3.735631798150938429e-15
3.636580571835435090e-15
3.653795294896551531e-15
3.718666694424787024e-15
3.585899035141411529e-15
3.652120860112849425e-15
3.801520554854637578e-15
3.714405059146540503e-15
3.672602234472953502e-15
3.601278678659022701e-15
3.689596805639519698e-15
3.750190339953497678e-15
3.679777331438837817e-15
3.373875949546418636e-15
2.990326967973750390e-15
3.435077502864832247e-15
4.380471722796691423e-15
3.803941604127044695e-15
3.678674695948233114e-15
3.601146084409101044e-15
3.638721701704503373e-15
3.650227842459430607e-15
3.637021389088492354e-15
3.707092710061651412e-15
3.695229575187498799e-15
3.937611521165931905e-15
3.725768180273848455e-15
3.764897587213137182e-15
3.811510475124495855e-15
3.686394953411733711e-15
3.674782934848380532e-15
3.686730479010972510e-15
3.746681946333600932e-15
3.701367653062115125e-15
3.691396156244280454e-15
3.663382673975014381e-15
3.720360417368956689e-15
3.686108115891889887e-15
3.534633140001882454e-15
3.633398209811700244e-15
3.624056257637157912e-15
3.593001077858766063e-15
3.776423965395713944e-15
3.628749957166003447e-15
3.717520315163076926e-15
3.678858146425836431e-15
3.603998037823088385e-15
3.807517031800721482e-15
3.759116283901588608e-15
3.678622613417248540e-15
3.848834108337416395e-15
3.661799515143391790e-15
3.629894369078176100e-15
3.770591017650983062e-15
3.674273150910621458e-15
3.857569890412900947e-15
3.813011971003231932e-15
3.927021194747431432e-15
3.833351377951407517e-15
3.888869434329830047e-15
3.940443280504825216e-15
3.794337370849855357e-15
3.733646974165754338e-15
3.831117149392125422e-15
3.754586393699780519e-15
3.744890212532798823e-15
3.828488954294135353e-15
3.766816542052677382e-15
3.792048156012900652e-15
3.804457729571530112e-15
3.691713853284451060e-15
3.708535308315203895e-15
3.775166270061198300e-15
3.756985806466319172e-15
3.749229860822924324e-15
3.684566771485504390e-15
3.650599767027561696e-15
3.687824178635695116e-15
3.733509205755677021e-15
3.844047961382920684e-15
3.771101145068789336e-15
3.770436047198796449e-15
3.701440518708604284e-15
3.793961378878205450e-15
3.628021550086208150e-15
3.741057021848066648e-15
3.744825466718831455e-15
3.835884809396910557e-15
3.854371372502923225e-15
3.894044441234190689e-15
3.972114742525224719e-15
3.742116006011074427e-15
3.733680096225989580e-15
3.746534862872844134e-15
3.705260005872108392e-15
3.764544463329311934e-15
3.734209016013242696e-15
3.746695298914730111e-15
3.765125624094113656e-15
3.788863879159695790e-15
3.848701781266453150e-15
3.786009496670291734e-15
3.786012899633936624e-15
3.788179642823348190e-15
3.776165997246958976e-15
3.722371214269787310e-15
3.798082822908527658e-15
3.863433236755668277e-15
3.784196551007386488e-15
3.774095418242464810e-15
3.820698714357936027e-15
3.803615976061818613e-15
3.821105047263951504e-15
3.790320081079960453e-15
3.827754486401659798e-15
3.932498684589181103e-15
3.877556723826258237e-15
3.837004301154446505e-15
3.891705908782129942e-15
3.857612648246038281e-15
3.849726423540489976e-15
3.984056097147749752e-15
3.883156057904639983e-15
3.840431516795516535e-15
3.812343290610453837e-15
3.837508864130394960e-15
3.986343108108068815e-15
4.055196390556934186e-15
3.990180810862620522e-15
3.907151324008701760e-15
3.952370018731951025e-15
3.942414823736599047e-15
3.900833380212755102e-15
3.886632688420273021e-15
4.015640850463253591e-15
4.084599017767684101e-15
4.051388318043945287e-15
3.992165616953177343e-15
4.130477334834508523e-15
3.998924929928409892e-15
3.869457189435178827e-15
4.009834276599842987e-15
3.779262450289884447e-15
3.783166020926707472e-15
3.910394623872694081e-15
3.893130488542944845e-15
3.928295342672052934e-15
3.794710828162391450e-15
3.866775522702657291e-15
3.837042544666002664e-15
3.933634457912192809e-15
4.003270058310616562e-15
3.945556546829194883e-15
3.949929042622348823e-15
3.941216040080531356e-15
4.144805506999780949e-15
3.957923131214850190e-15
4.112992440473873634e-15
4.023257471075747020e-15
4.189612812075187102e-15
4.082726770904046204e-15
4.024327797109844839e-15
4.020396923072118781e-15
4.026846452979212288e-15
3.995743963868673076e-15
3.978392554918976766e-15
3.965772669187071009e-15
3.929506601049452476e-15
3.956960908320219452e-15
3.969059274805852636e-15
3.978273709930888663e-15
3.985484955938850306e-15
3.963923140166764560e-15
3.992640634037883166e-15
3.912581876539472138e-15
4.011396294902683298e-15
4.002768951007374933e-15
3.993392392108396781e-15
4.261498669771512520e-15
4.173580042956852089e-15
4.016033942754729085e-15
3.946682682231714302e-15
3.995743234447058135e-15
4.015300810603667366e-15
3.990082337716716180e-15
4.011198013115584593e-15
3.984086610201715124e-15
4.031665111191161417e-15
4.054971289173828600e-15
4.086004450355548800e-15
4.091686523857913082e-15
4.074138552231875090e-15
4.109817529100132012e-15
4.133120134251373735e-15
4.118404317531035009e-15
4.208141646055819601e-15
4.303625321337796210e-15
4.140874171833206852e-15
4.247185866438056600e-15
