4.361313839003956416e-14
4.310146634570105842e-14
4.291305134290105805e-14
4.342654959901692199e-14
4.365728403941385441e-14
4.379070701397264605e-14
4.496793021186218679e-14
4.555686073941702307e-14
4.551053749047220840e-14
4.772364763656313219e-14
4.668090959723890790e-14
4.725575897184220195e-14
4.740953506674799364e-14
4.592130582834942677e-14
4.681062382443629131e-14
4.551648133614235398e-14
4.546394587949480625e-14
4.462497997210122374e-14
4.530694692651069515e-14
4.674932505983709196e-14
4.642399489408800140e-14
4.663171013261160189e-14
4.670147989689677991e-14
4.654317332531400641e-14
4.627404412240519793e-14
4.608312749298787804e-14
4.642423718915874779e-14
4.695745392441947047e-14
4.589905965103603555e-14
4.847315075913564969e-14
4.741793872008319029e-14
4.812129756390741823e-14
4.902693250106668552e-14
4.790169369509048717e-14
5.007870658167332763e-14
4.813234649364218766e-14
4.913630687320935445e-14
5.015557823680607132e-14
5.140396181044655094e-14
5.247193142850950451e-14
5.243562555285812081e-14
5.497660763807278263e-14
5.455392472153462351e-14
5.383383343736073679e-14
5.342360593867450415e-14
5.296608487126224699e-14
5.262950727345757187e-14
5.226337818397348329e-14
5.202295190013217272e-14
5.658535026524580147e-14
5.567054207188378367e-14
5.316748914676582946e-14
5.265000588088700835e-14
5.072227175969936059e-14
4.951670829024953666e-14
4.815457115015617004e-14
4.764393822258028237e-14
4.703849677022169992e-14
4.840941272216468853e-14
5.059045163969068725e-14
5.114001029808382377e-14
5.294217391983915389e-14
5.451356060329429788e-14
5.556094779717640660e-14
5.445915087760498405e-14
5.165763308778265661e-14
5.366129292167938644e-14
5.609319274931493914e-14
5.382078878672839471e-14
5.121284319022363059e-14
5.062792276280875778e-14
5.148625769114875205e-14
5.147294893409501930e-14
4.979299549547644630e-14
5.085231621907653600e-14
5.254334577060085771e-14
5.472376797457712337e-14
5.650581719677004938e-14
4.226796009872307777e-14
4.815927411948253067e-14
6.214888682418091291e-14
6.495126225354203145e-14
5.032238422785034328e-14
5.841459344632819824e-14
6.090946586562079887e-14
6.069271322660540877e-14
5.343153420014965711e-14
5.504071072114038011e-14
5.850302911656888474e-14
6.008348934527080347e-14
5.178214250147926298e-14
4.889740453675481132e-14
6.064409057344446451e-14
5.726385759275895113e-14
5.638494000811929319e-14
5.473218152169545375e-14
5.487591155072217498e-14
5.542046238386564014e-14
5.314015382774281060e-14
5.535193635516365526e-14
5.730188733645927399e-14
3.019827441559634327e-14
1.367090164148250496e-14
1.601552729819377184e-14
4.022399811590269825e-14
5.887314352895221577e-14
6.165161804371112995e-14
6.106089696506709659e-14
6.000115271177575653e-14
5.527626928196056717e-14
5.660730249651943937e-14
5.560902873789929232e-14
5.585803325791455351e-14
5.431662776121821940e-14
4.563348858808298770e-14
5.569687836949195211e-14
6.434431688561224605e-14
5.662572809171865494e-14
6.008874398352608355e-14
5.825769231416964403e-14
5.795879358895439739e-14
6.528254518794491462e-14
5.824235036046474576e-14
6.267672243670268223e-14
6.056241757258077556e-14
6.293142428112789968e-14
7.358557554976833532e-14
4.112029893744472711e-14
5.883754389079762402e-14
5.833520109137733692e-14
5.803460672172059749e-14
5.652455491496770061e-14
5.632967859844704145e-14
5.684936652614127513e-14
5.997096606091572418e-14
5.948777869191127892e-14
6.022031659162152188e-14
5.907073870189352228e-14
5.859740401497622575e-14
6.149814983263906479e-14
6.159509473312430759e-14
6.309981878237289528e-14
6.473337332295296271e-14
5.918126090239213254e-14
7.087074201034298644e-14
5.731526961701145909e-14
4.197862493707928317e-14
2.562626322543755297e-14
1.716437431060091568e-14
1.508744957243611798e-14
4.288020662128006890e-14
7.077159122987565350e-14
5.507538532057954911e-14
2.700436509047620371e-14
2.271382207986124408e-14
5.600108060591135987e-14
8.241901781604662743e-14
7.187724831925722958e-14
9.070399887380556805e-14
9.394888638270095395e-14
7.207133635163095102e-14
6.179864337624174091e-14
7.430761640955309387e-14
6.986479853445454989e-14
6.840954376118042840e-14
7.244844590163991131e-14
6.571850838262561006e-14
6.570312858305247699e-14
6.724563157408573763e-14
6.732168994682313486e-14
6.998205660216223390e-14
7.041134448210635722e-14
6.834106971880214829e-14
7.280421911745576632e-14
7.077101912723780879e-14
6.998276096739859733e-14
7.052224475010101229e-14
7.410163330891950556e-14
6.991319689933718401e-14
6.813321506882707041e-14
6.837902852038514023e-14
6.480962626333601529e-14
6.396863944301392490e-14
6.673947321642999891e-14
6.597911615384511301e-14
6.584240319993687513e-14
6.713770085734761512e-14
6.730440562471339956e-14
6.409781313026019194e-14
6.473120553042764600e-14
6.762109988872945025e-14
6.830063015944545923e-14
6.926475996036985056e-14
6.598346198942769400e-14
6.910674995981701568e-14
6.281080171389917720e-14
6.316429068025525941e-14
6.229552053079319698e-14
6.312345343410981859e-14
6.534401546439742186e-14
5.932572809386086401e-14
5.945125863194573238e-14
6.449000702646363619e-14
6.557526222115967061e-14
7.078247905141521896e-14
6.154433289577779692e-14
3.132003727916066985e-14
3.370915880127045959e-14
6.915697819785161010e-14
6.945431831290704434e-14
6.919730335263105849e-14
7.309768139312776559e-14
7.142693618509910626e-14
7.320086451584890861e-14
7.040507994858324742e-14
7.185357353210636899e-14
6.963401516396161402e-14
6.570755374348472705e-14
4.180719243262075014e-14
4.976741739171182668e-14
6.643481348253538497e-14
6.390331806074317952e-14
6.369567741433119005e-14
6.365931677756249887e-14
6.750560488243412514e-14
6.140197086568970420e-14
6.452405005947692106e-14
6.676908389812847479e-14
6.821032274280132307e-14
6.882236282000762775e-14
6.903221043709765761e-14
7.018316051304195910e-14
7.355688829503051662e-14
7.232818674881355890e-14
7.983610546464731956e-14
8.300233902613569531e-14
6.716479263158384777e-14
6.753089736175931736e-14
6.936520738990689409e-14
6.642217859180555425e-14
6.514143627885610198e-14
6.179244612063497860e-14
6.181002709775688546e-14
6.405757942290240622e-14
6.643288551889426810e-14
6.739048726866133414e-14
7.115905130711779753e-14
6.861198657377148511e-14
6.304327691344033651e-14
7.452515742226949912e-14
6.752975537980861000e-14
6.680816286684557162e-14
6.829923746521780837e-14
6.921506798924692850e-14
6.809858656121241953e-14
6.733623976290399444e-14
6.381929662415841094e-14
6.223555736339817296e-14
6.468988515535084686e-14
6.617081638406925235e-14
6.801773069586378615e-14
7.204601535343365201e-14
7.022977674036184741e-14
7.106957771808027923e-14
7.057973995832804733e-14
7.034752036327799753e-14
7.291463517644296027e-14
7.439674993795325801e-14
7.448066896728707540e-14
7.416439972095529749e-14
7.545846663845764387e-14
6.873579756543877158e-14
7.164543823000720586e-14
6.755415246191332234e-14
6.952055491370774041e-14
6.758395508135169295e-14
6.564934711746377495e-14
6.525689715773886071e-14
6.562566296895651705e-14
6.793697583043717620e-14
6.596949482315502212e-14
6.575381048756881682e-14
6.979181524710557292e-14
6.664542244635073034e-14
7.006933076595581036e-14
7.254858510991855314e-14
7.403807397381684724e-14
6.860802376794702247e-14
7.158902454566186595e-14
7.029047549491959918e-14
6.964410608288720516e-14
6.882057716505105181e-14
7.003727849245128732e-14
7.201139898133588665e-14
7.370890581843350568e-14
7.551415550560780193e-14
8.093845921821306273e-14
7.743497537495560836e-14
7.763316655157736750e-14
7.824966747092577499e-14
7.935290791811135759e-14
7.550300479431070549e-14
7.471281662409353696e-14
7.196599802470297994e-14
7.055810095743325396e-14
7.250992696606363833e-14
7.239405098862012377e-14
7.249248575064969745e-14
7.257002961820485990e-14
7.374606006370957175e-14
7.333316367481699448e-14
7.263136683531006621e-14
7.154892747212213768e-14
7.264572164177071381e-14
7.186490987534507902e-14
7.598401719317045031e-14
7.374127423104345718e-14
7.703104546498211621e-14
7.641773529084995030e-14
7.708051678028278753e-14
7.624160721594203294e-14
7.619402715810789723e-14
7.821304999071125309e-14
7.605249280097808109e-14
7.614558953055747828e-14
7.682417801414579051e-14
7.502023867280785402e-14
7.418621266497524561e-14
7.562760883844327774e-14
7.313974376216112551e-14
7.442972040847821431e-14
7.396748669461845463e-14
7.501766621612237547e-14
7.626605504670653246e-14
7.618304846064492885e-14
7.795522328102240637e-14
7.737037156403527471e-14
7.908607490039289411e-14
7.998612979607042940e-14
7.920854452896551249e-14
7.926927722984297747e-14
8.011792507884147723e-14
8.094802665802686034e-14
8.055869991160090969e-14
8.038452818089946176e-14
8.024341632213302713e-14
7.914549851084355125e-14
7.936222344372341656e-14
7.995232259221574247e-14
7.995492713984826957e-14
7.956324299997901683e-14
8.095268770323711008e-14
8.582108595620616668e-14
8.298477002703780017e-14
8.411901698014716603e-14
8.261794913031668105e-14
7.983639821600148386e-14
7.964276862893998913e-14
7.968120902118254143e-14
7.848107597097162815e-14
7.873182072095195607e-14
7.659750887831540047e-14
7.685842133292339742e-14
8.070853110415538497e-14
7.860004856446186509e-14
7.731914588224732084e-14
7.772799968486543623e-14
7.665491403161979717e-14
7.499782541613681498e-14
7.478591611444978855e-14
7.597165632073959366e-14
7.619131647680702351e-14
7.627923111545972426e-14
7.529161358635364042e-14
7.499519660065208754e-14
7.542283418913776059e-14
7.623248292610846715e-14
7.572750698619204093e-14
7.682721628681444746e-14
7.619835000289674788e-14
7.804039564165732672e-14
7.625231092291676327e-14
7.566289260326166162e-14
7.553255905280369311e-14
7.655700571250942524e-14
7.645195629579392916e-14
7.844750099819599328e-14
7.863480880230731769e-14
7.840128407772440281e-14
7.860536238616435884e-14
7.964990459255948125e-14
8.114851313499987095e-14
7.994628082795405309e-14
8.210221741143523622e-14
8.361549230554345356e-14
8.102402448792504763e-14
7.944489147275614587e-14
7.968878832682294280e-14
7.987902819927745485e-14
7.997424774969676132e-14
8.179936622937871650e-14
8.143228410686349577e-14
8.374526783904765212e-14
8.482992269954005742e-14
8.479349689736094706e-14
8.500811656755272504e-14
8.548255007713879578e-14
8.680192536772754300e-14
8.800121135367402990e-14
8.650924378546377296e-14
8.400196306335349681e-14
8.699712452352763635e-14
8.739274045282018811e-14
8.571024395516095864e-14
8.660620908329862877e-14
9.098226117152208738e-14
8.569486377380834161e-14
8.629192509192643271e-14
9.046493348561502544e-14
8.825412261671473702e-14
8.677662294468107796e-14
8.874556310848396021e-14
8.707278410206296798e-14
8.757251705835642790e-14
8.760905317018024859e-14
8.539865882440169808e-14
8.536668139416125973e-14
8.446935677351458932e-14
8.531811042587613552e-14
8.584868938784401711e-14
8.680681005853179235e-14
8.577387084149958103e-14
8.623728356161774261e-14
8.919887160111880902e-14
9.061769180528144461e-14
8.699982139018520311e-14
8.998317779455911999e-14
9.018848755859776461e-14
8.987454727492079747e-14
8.985761483935385535e-14
9.377605360218323520e-14
8.721797144143020370e-14
8.853506859012477909e-14
8.733321642425398314e-14
8.600572924345470265e-14
8.723541977592471013e-14
8.648688467272634121e-14
8.786135650105955631e-14
8.832984924717036333e-14
8.653842207007834787e-14
8.673499443581779090e-14
8.645564205082628964e-14
8.792890972517308283e-14
8.753106420604957676e-14
8.809251090954868081e-14
8.928252777097338188e-14
8.770882073469391356e-14
8.940788722485466848e-14
8.883289778434462060e-14
8.891053711780776290e-14
8.886397017005400484e-14
8.880953383872739479e-14
8.843111742711057684e-14
9.059366653168777399e-14
8.859908143501986168e-14
8.809612030934737631e-14
8.871003501256807657e-14
8.839622258508555514e-14
8.799224468035527034e-14
8.871899403613556377e-14
8.905464560784104353e-14
8.921010703682247984e-14
8.948829629696371831e-14
9.011597129746948710e-14
8.878950585416070345e-14
8.989003589122672360e-14
9.110532712841509933e-14
9.039728759030606790e-14
9.231139064029773706e-14
9.062850641638103609e-14
9.009700624662688456e-14
8.857225769378724913e-14
9.203418518601430788e-14
9.181871028337746592e-14
9.181386878392746998e-14
9.269062495215254593e-14
9.210823634988615344e-14
9.233814723991704964e-14
9.339246711000586844e-14
9.218724133519840332e-14
9.391081490745557090e-14
9.446580243172766885e-14
9.338442248283837293e-14
9.390564869023408343e-14
9.391783267009622151e-14
9.305968831983506104e-14
9.344878083381738208e-14
9.358831841909676539e-14
9.342277852942011558e-14
9.408990880264818431e-14
9.442909689943988646e-14
9.451884790557549842e-14
9.488672383416930486e-14
9.494310494798402650e-14
9.522137218285990415e-14
9.465604900630819454e-14
9.307310120920815074e-14
9.497036484074425750e-14
9.430876337011839649e-14
9.440489948767902630e-14
9.377115171004590237e-14
1.005898073666929740e-13
9.547033909973856648e-14
9.566195488948582621e-14
9.597911829203174382e-14
9.470122464605271845e-14
9.513682557634476506e-14
9.604710479825870848e-14
9.595287494750962827e-14
9.826639541219920330e-14
9.874601879899605714e-14
9.719007085560051981e-14
9.711507750400881440e-14
9.688720427152850112e-14
9.953035297248068128e-14
9.742644774264544200e-14
9.554428183012445996e-14
9.472116444465691519e-14
9.642564421782710230e-14
9.453491566307871962e-14
9.600566699969567961e-14
9.599413973810292753e-14
9.649413514721418764e-14
9.536053901253990434e-14
9.463065657226420426e-14
9.668132439402954663e-14
9.411545685542226668e-14
9.628949229700815256e-14
9.854512729856714822e-14
9.720054802184962410e-14
9.697623728281636234e-14
9.922293333929107067e-14
9.752433495511066488e-14
9.785464403419866417e-14
9.910197122910165973e-14
9.893038928794853129e-14
1.011205133052683111e-13
1.009453380072676382e-13
9.760112177280208473e-14
1.005550155458434658e-13
1.017133827284259050e-13
9.944638349246820174e-14
1.000771528824016423e-13
1.018157720914968015e-13
1.011170529011335991e-13
9.891672478436945252e-14
1.008002112324273298e-13
9.980870440596785197e-14
1.014748073725767159e-13
1.011170575230867200e-13
1.027046428624524935e-13
1.007482003919685334e-13
1.002941664420505417e-13
9.974369673563693007e-14
1.003829989219151841e-13
9.951376648945790002e-14
9.971043498900431641e-14
9.949005070770431322e-14
1.004703266692349244e-13
9.968001010098656124e-14
1.003288921000643908e-13
1.009880460631935193e-13
1.007843498037057216e-13
1.002286861131817134e-13
1.046210752865968798e-13
1.035691511118042611e-13
1.026924293409678221e-13
1.012038689229506723e-13
1.020258125347920743e-13
1.039368451407626266e-13
1.061208985456449741e-13
1.046447807815517812e-13
1.041036933053880023e-13
1.047946098770275823e-13
1.032249461691118296e-13
1.036466356214848653e-13
1.013230703051762120e-13
1.003842616709162352e-13
1.010434381273985912e-13
1.021822637172587045e-13
1.034328324187656903e-13
1.038462178065034954e-13
1.012648261387162088e-13
1.022166883170137595e-13
1.040070712295507677e-13
1.032843866469570166e-13
1.045530878438894182e-13
1.060025966977420709e-13
1.038748733887417083e-13
1.032094230832160085e-13
1.033211663894198607e-13
1.037420990113659859e-13
1.044565382614860552e-13
1.044957977914321270e-13
1.048757640703866469e-13
1.068162527851784005e-13
1.149979499875342990e-13
1.143609746973556335e-13
1.028850707790468145e-13
1.044176328986980436e-13
1.060534152406614666e-13
1.048904389617773651e-13
1.062706104093874465e-13
1.066767287316969534e-13
1.066706732115417483e-13
1.061005897018953377e-13
1.066297920173723283e-13
1.075790155767040363e-13
1.088555859041087337e-13
1.101081756601535447e-13
1.084725258324383110e-13
1.074733086293511281e-13
1.077410674549614860e-13
1.081381196476935251e-13
1.076329019073604787e-13
1.068470724153311682e-13
1.072360127030114615e-13
1.064948760561653078e-13
1.061811679967960758e-13
1.062262794895914377e-13
1.065184657839209718e-13
1.059779746024783093e-13
1.054936588112062530e-13
1.040399104066508875e-13
1.060983598982841887e-13
1.069844362552118116e-13
1.072297241749056469e-13
1.067213620995655738e-13
1.049808888705273476e-13
1.090483835053739766e-13
1.127776115928572252e-13
1.088784630359294758e-13
1.096074745160197295e-13
1.093768940133953007e-13
1.107801624278468577e-13
1.101733472873139672e-13
1.106979718406769027e-13
1.105253910027693689e-13
1.134050470198204474e-13
1.108447977479805793e-13
1.111205966838348080e-13
1.106816148569979025e-13
1.106127449265421556e-13
1.100520383821831608e-13
1.101395439575413397e-13
1.105763128134478336e-13
1.102194107327895572e-13
1.105840512626394277e-13
1.119008394386486074e-13
1.127008216023004501e-13
1.114929610328042098e-13
1.143203298987118907e-13
1.116348484041896824e-13
1.121504992317301871e-13
1.118595146441266781e-13
1.125669394861282082e-13
1.129138624993738123e-13
1.107180969846135039e-13
1.132601818242946822e-13
1.099759068805647681e-13
1.120636180750444227e-13
1.135713837945259357e-13
1.129743245071349231e-13
1.110388179408545139e-13
1.129609559607722038e-13
1.148433252939057123e-13
1.147258199819192093e-13
1.128829188464414903e-13
1.144660470425376540e-13
1.144337269908569025e-13
1.153237488736038162e-13
1.136129985624534563e-13
1.129444478766889901e-13
1.136248225331441856e-13
1.139006336403866606e-13
1.135034870442198245e-13
1.143356843011383130e-13
1.134775578069584765e-13
1.129203907636108489e-13
1.145942856969967772e-13
1.155555505553849822e-13
1.162431863309561666e-13
1.158153116718899709e-13
1.169474913925141644e-13
1.163570745819165679e-13
1.177689729527740040e-13
1.161774832708290964e-13
1.158765206089279957e-13
1.190785540880260262e-13
1.168434064335028116e-13
1.159953114889358657e-13
1.170625031339955024e-13
1.161489189294824124e-13
1.154728786733233890e-13
1.169898010787675655e-13
1.163354312637456679e-13
1.158239113709898122e-13
1.148416429494431104e-13
1.164114096408679471e-13
1.176130337015406861e-13
1.175059804878412146e-13
1.165755378134561328e-13
1.165620176442150357e-13
1.185557076562372800e-13
1.189861945406271003e-13
1.179515275652699580e-13
1.187335986418311022e-13
1.195805815688322219e-13
1.192701117625025680e-13
1.189322441042952917e-13
1.188819231519713475e-13
1.194481059619293063e-13
1.189657300202453220e-13
1.198409727526647347e-13
1.196846677405224625e-13
1.202144158778202257e-13
1.194522627227645548e-13
1.202083856320988513e-13
1.214873828213860312e-13
1.212456016651786390e-13
1.206075839621447324e-13
1.194231510435522704e-13
1.197082183723687592e-13
1.218640701426008178e-13
1.230657502794029407e-13
1.235496381346961852e-13
1.245037252223800954e-13
1.259056326071241341e-13
1.273558571648056467e-13
1.298662862959644867e-13
1.256750565850579024e-13
1.223903033605846582e-13
1.192023503001277536e-13
1.221115342935273534e-13
1.224338565152254558e-13
1.175228388568478608e-13
1.228897246521053859e-13
1.212360525832703241e-13
1.206056161617816742e-13
1.200337105343678598e-13
1.203212392779867288e-13
1.213644500194130656e-13
1.230200744770363711e-13
1.189188180584535686e-13
1.216512682430113312e-13
1.229156525864663798e-13
1.219561581834520041e-13
1.230788385821597200e-13
1.227347692278162808e-13
1.238533390184912361e-13
1.231177073860718082e-13
1.244216900109029918e-13
1.247506558508296911e-13
1.270130945668408294e-13
1.255913640701575830e-13
1.259946935117697215e-13
1.260489453732583700e-13
1.239412329919294596e-13
1.258064998825056130e-13
1.253498552795235071e-13
1.256469768617246311e-13
1.273365053686059058e-13
1.263838483898023524e-13
1.254060669306022025e-13
1.265680386846856226e-13
1.272454290641964622e-13
1.250426393550766696e-13
1.236737011872214325e-13
1.300498747271609471e-13
1.250407471657420121e-13
1.242187164534426795e-13
1.251162333997497393e-13
1.263018136469304370e-13
1.276532387246166552e-13
1.288509343556453524e-13
1.267783650336106003e-13
1.271867696513848214e-13
1.278844819197836953e-13
1.274293212779639202e-13
1.269934756442533448e-13
1.270170943243217497e-13
1.285939973898900383e-13
1.282756591372538356e-13
1.280187797717995152e-13
1.291515354744451242e-13
1.285456674079499598e-13
1.303882369222843225e-13
1.296802750545681377e-13
1.282870445836688726e-13
1.295070957643834421e-13
1.278397345083628927e-13
1.267388559638865558e-13
1.262591845413569748e-13
1.273777710493874255e-13
1.292123177524070923e-13
1.309725175952286385e-13
1.326881185539450809e-13
1.341964314456868389e-13
1.324668384932307410e-13
1.316238905391631971e-13
1.317054613134079039e-13
1.316595786422379204e-13
1.300775727818944380e-13
1.298258682778715206e-13
1.323848815680378471e-13
1.350877882934515638e-13
1.353043373492368860e-13
1.323264299737269955e-13
1.321407955940079903e-13
1.337563222127476535e-13
1.335860590594578961e-13
1.304667439455658248e-13
1.301568761272267848e-13
1.313665524865411986e-13
1.316981507134481015e-13
1.294571033184073678e-13
1.306958588434594094e-13
1.274410236812191652e-13
1.295171477333294923e-13
1.309284053169905465e-13
1.311151104882946616e-13
1.311518774123785004e-13
1.316581715106027026e-13
1.308795908676443851e-13
1.285461424902020216e-13
1.327869228480854709e-13
1.325596554237353457e-13
1.322832710980555527e-13
1.343611630433673760e-13
1.347268551330436656e-13
1.334766057087028193e-13
1.338994822642450730e-13
1.371054893604283580e-13
1.341192074116690053e-13
1.329532379988194744e-13
1.352206956788768432e-13
1.338409703375958166e-13
1.343911275339523063e-13
1.342699084554789302e-13
1.398365992099641279e-13
1.378715598159596788e-13
1.364843164749955123e-13
1.385819197121832620e-13
1.384297268936226010e-13
1.360989792687673176e-13
1.354699067537519820e-13
1.354246426849298843e-13
1.366549409347094196e-13
1.373395943144171451e-13
1.397025207988350870e-13
1.364423430144283904e-13
1.372958335808443100e-13
1.374202240804931394e-13
1.383393743418387428e-13
1.379509964397031474e-13
1.373911868483192416e-13
1.366456966681466032e-13
1.355046414490694019e-13
1.375207058149954977e-13
1.379035785880425890e-13
1.370182878598849353e-13
1.374960468723658960e-13
1.381100542455832364e-13
1.368298289217830734e-13
1.374357788254518165e-13
1.364825209056854404e-13
1.401189580959137084e-13
1.406410825806633862e-13
1.385085083687830306e-13
1.384324687649333093e-13
1.381289291101884172e-13
1.381062427796495461e-13
1.351971206797874762e-13
1.409695316843003270e-13
1.376207106561227609e-13
1.400336956015089722e-13
1.414027579988467525e-13
1.402247213530024155e-13
1.419759640336168963e-13
1.381209145609994760e-13
1.391409107011926356e-13
1.388728835258629443e-13
1.415724868783378670e-13
1.383937010141399597e-13
1.401868930638160746e-13
1.381277648345781203e-13
1.384639323638186071e-13
1.402914888795617195e-13
1.417229729162009490e-13
1.443726640646903502e-13
1.423138736335940501e-13
1.397881658508227603e-13
1.409230821427832254e-13
1.504425422301925883e-13
1.505427950687885352e-13
1.440908110782454916e-13
1.487956063088124408e-13
1.534030443332942271e-13
1.443215246810976722e-13
1.406867454542044285e-13
1.356332360745828446e-13
1.394504834165444545e-13
1.427521560429609238e-13
1.467295634372917581e-13
1.399380641922836745e-13
1.426795464961782091e-13
1.398374466883335008e-13
1.459249185169473506e-13
1.450329506041884416e-13
1.407068210892618443e-13
1.433073693477632187e-13
1.373241287491102456e-13
1.403767264276591166e-13
1.424417742789580466e-13
1.421381858664420866e-13
1.435054017226899905e-13
1.500472842409895961e-13
1.446650000548082584e-13
1.437545868498779843e-13
1.495242211295741212e-13
1.513626197096613277e-13
1.499281139035691604e-13
1.475334897657503100e-13
1.452923796313792895e-13
1.473858423825473497e-13
1.512570156290393188e-13
1.526836143824313151e-13
1.515047692235857019e-13
1.503631525711690616e-13
1.497912274590238965e-13
1.500750352171504550e-13
1.501731178836215967e-13
1.497516547522896778e-13
1.505425555804294990e-13
1.558569510530039092e-13
1.509882941400899964e-13
1.485137654455833620e-13
1.496095495281542454e-13
1.451733373896233742e-13
1.458406583160195797e-13
1.520702177459430676e-13
1.496643929721042132e-13
1.506419474927987179e-13
1.483052957230814383e-13
1.469235879839150421e-13
1.480030175967509153e-13
1.492719382786741101e-13
1.496981650635301663e-13
1.545724830258369796e-13
1.522089522870020887e-13
1.520126114946317074e-13
1.485304367686120918e-13
1.476499193439078397e-13
1.490515629871997118e-13
1.487928593566676297e-13
1.597606784900007967e-13
1.511944534547229374e-13
1.527550879971007261e-13
1.543748174339535325e-13
1.545794738806071162e-13
1.523541983737590062e-13
1.520105107345645276e-13
1.574337739158030517e-13
1.512211470854504105e-13
1.545556934519040677e-13
1.529801552933643945e-13
1.520747976872830005e-13
1.478859904734346238e-13
1.493462852327286547e-13
1.511508489719247403e-13
1.516553951139879111e-13
1.523547778845391500e-13
1.529659412459849006e-13
1.526137559813721272e-13
1.535154523306159191e-13
1.560606870315344960e-13
1.591594439757136102e-13
1.568231896007400030e-13
1.534648490947565720e-13
1.543934936041367498e-13
1.514808206401850407e-13
1.480315861405103707e-13
1.510108432986136003e-13
1.548620998792103342e-13
1.579641197807955027e-13
1.535234832798279931e-13
1.561033243371296347e-13
1.545828971987773586e-13
1.552690019794513414e-13
1.502762981869230168e-13
1.550104454435365793e-13
1.561571987300609048e-13
1.516504203646045585e-13
1.558357216808179371e-13
1.589559605565181259e-13
1.506234754212344366e-13
1.561276576474942781e-13
1.634867943371401700e-13
1.545898757752500675e-13
1.535813004142680765e-13
1.528844560413956907e-13
1.542784776310340873e-13
1.535459211776012998e-13
1.555322268617457058e-13
1.575250348408445258e-13
1.583527115951967391e-13
1.561294273674398941e-13
1.555640841093438383e-13
1.524287725595380371e-13
1.548883841121158376e-13
1.542055288516202591e-13
1.546400748928402040e-13
1.550572702120031971e-13
1.534708497131151311e-13
1.543846871663142598e-13
1.581688493163344049e-13
1.537343725625804714e-13
1.506180866394977009e-13
1.510246490591358776e-13
1.511831038980482119e-13
1.508246850897171542e-13
1.528105029096551040e-13
1.514866040554289005e-13
1.520149936186160674e-13
1.527152739832076476e-13
1.526264685534223834e-13
1.524306285599629053e-13
1.562709456654474660e-13
1.591244436229023388e-13
1.595670248346049183e-13
1.645430362079337708e-13
1.659357374991315067e-13
1.662074448865160907e-13
1.657815407417895390e-13
1.586175015728841927e-13
1.575645749324759830e-13
1.605866954656908162e-13
1.584790546052147463e-13
1.587151776363672845e-13
1.576673426271793921e-13
1.583802700987812050e-13
1.594815612008091589e-13
1.588988317085070782e-13
1.572339232942263963e-13
1.565099878470883721e-13
1.557303353662747880e-13
1.544393772509931249e-13
1.567329771439477711e-13
1.574139774849074139e-13
1.567064781755237841e-13
1.574695210738131607e-13
1.561601525792432567e-13
1.569436774314950243e-13
1.624513679555861320e-13
1.625752962264674394e-13
1.612468711822367481e-13
1.586848816853581992e-13
1.627918274918705380e-13
1.570779770996056952e-13
1.558212666986544443e-13
1.629469603503575834e-13
1.612927105200264657e-13
1.615440756083864594e-13
1.601895436651051988e-13
1.622014986150541490e-13
1.611618000930451931e-13
1.690553437755718430e-13
1.637671074130220134e-13
1.639614407432487742e-13
1.634499206116426233e-13
1.622058170267977812e-13
1.587148024662338531e-13
1.621763449506702350e-13
1.683254435304256494e-13
1.649297961077871484e-13
1.656607574514679049e-13
1.677665306407701879e-13
1.698392744659976085e-13
1.698362844634739560e-13
1.693682189411484148e-13
1.676938665129806598e-13
1.649592508202403098e-13
1.692630109103824448e-13
1.734262557108103995e-13
1.680051553978165497e-13
1.652149011917677237e-13
1.687008138947158170e-13
1.703580708457685986e-13
1.706653453465614061e-13
1.695633467953668770e-13
1.729657437749613622e-13
1.686747827542356540e-13
1.715380350186760870e-13
1.743001136091761858e-13
1.664836471852011342e-13
1.695470695773968172e-13
1.772499842476819324e-13
1.760649373310983995e-13
1.733711964753885681e-13
1.669676013701585691e-13
1.725495085526840227e-13
1.770370059192177577e-13
1.729708123704098772e-13
1.571887339317011528e-13
1.394080198038626346e-13
1.577289941218838993e-13
2.027963676646223892e-13
1.769193947068331671e-13
1.746272104596462971e-13
1.696965416541456359e-13
1.697824481535566074e-13
1.696186765793128666e-13
1.692963623407480331e-13
1.778213043612572850e-13
1.782233527130663661e-13
1.828358521584010696e-13
1.712833396587470600e-13
1.719035922811954288e-13
1.745397926427032493e-13
1.725828158289959641e-13
1.709330360010658769e-13
1.708261690432985348e-13
1.731046333823075737e-13
1.715508951988035330e-13
1.736139938927949690e-13
1.730800583052039055e-13
1.732673236164562873e-13
1.695632510977065074e-13
1.645052274578525521e-13
1.701723590963133850e-13
1.709708748144588576e-13
1.738000592113626424e-13
1.793666676852852078e-13
1.732460000254069072e-13
1.764084515447191179e-13
1.739576233242374103e-13
1.775863362951329402e-13
1.980378022386312687e-13
1.964975185753236554e-13
1.931720065183050444e-13
2.002478865087868792e-13
1.889424862843193491e-13
1.830103242282075007e-13
1.820679601433614865e-13
1.812056506284068803e-13
1.867478063027062914e-13
1.845602218477150052e-13
1.907987324951198063e-13
1.862907874002189981e-13
1.930338767339144034e-13
1.991214381867761301e-13
1.894292475244397756e-13
1.885608920361924054e-13
1.935732638845436257e-13
1.850208732132629960e-13
1.829895069312289036e-13
1.877525228427744065e-13
1.868368441254768490e-13
1.844910585327021216e-13
1.829024191372861657e-13
1.778933597579481294e-13
1.796325316632417030e-13
1.899656722180821185e-13
1.936129222534452180e-13
1.959443996466975608e-13
1.900995071743654594e-13
1.822386298803434026e-13
1.821219774605336156e-13
1.907702231288990343e-13
1.950413518399025891e-13
1.906010890183292553e-13
1.901312323876502363e-13
1.907645569989869948e-13
1.912457914376185547e-13
1.797402320794389325e-13
1.839383334821784554e-13
1.868465341905418286e-13
1.904930024641982768e-13
1.975952562828047736e-13
2.030612241024243639e-13
2.051628553943607334e-13
1.890758573802818428e-13
1.869197127623075711e-13
1.874648294114464965e-13
1.857544438793566606e-13
1.903544790023328314e-13
1.876867955894072412e-13
1.895324613518271232e-13
1.899487292955577911e-13
1.954708772915595691e-13
2.007375038677406721e-13
1.956958728747163612e-13
1.926309327466447975e-13
1.906015657731754024e-13
1.900992146268079690e-13
1.874786399649263529e-13
1.932563528960522862e-13
1.981586333981325940e-13
1.913761680405019835e-13
1.907988237312314692e-13
1.929439453203576244e-13
1.915671862401690685e-13
1.928998530058684798e-13
1.926916296269105262e-13
2.009419565408146389e-13
2.077665871983361379e-13
2.005421018601970702e-13
1.977764364060779290e-13
2.000799066491976596e-13
2.006673891662570442e-13
2.056896442410412771e-13
2.116344191360525520e-13
2.055509795919986335e-13
1.985201259717712866e-13
1.970515967803815657e-13
2.012630763118380732e-13
2.117125306486307693e-13
2.116344420352007138e-13
2.058598350169968137e-13
2.026027358314799258e-13
2.053082103009820577e-13
2.052203621589076924e-13
2.030316763011574278e-13
2.016122358960132264e-13
2.108040285604704788e-13
2.149419177995463661e-13
2.100071878757877361e-13
2.116904176708179546e-13
2.254601876745076067e-13
2.100433814419991161e-13
2.094607401750914934e-13
2.145856124235481339e-13
2.028370067765583035e-13
2.097233917937967416e-13
2.206752431224614080e-13
2.049052921443007307e-13
2.123582892064286316e-13
2.037634098461919262e-13
2.055004080782472874e-13
2.018849153642244753e-13
2.086109249534228102e-13
2.114962035137544778e-13
2.090076890651054764e-13
2.109953844078917595e-13
2.164241084681672562e-13
2.232122549780726398e-13
2.168221838278139692e-13
2.204872338881819411e-13
2.210488014075760153e-13
2.302645620962343100e-13
2.203291416506664627e-13
2.184434151444530268e-13
2.156828407801153680e-13
2.155615025600418280e-13
2.133891197334061806e-13
2.120808685642723683e-13
2.110749877432640081e-13
2.081837020700275536e-13
2.091494137514549597e-13
2.079792708717905640e-13
2.081230354981654252e-13
2.086365786525294892e-13
2.116990991475618860e-13
2.195523616947106528e-13
2.164141673183371034e-13
2.244389483861255910e-13
2.283312036048363816e-13
2.259396331032866097e-13
2.376834067165704575e-13
2.317450389805101252e-13
2.201090089310831964e-13
2.269838861250280949e-13
2.211544718541717278e-13
2.171276216168492145e-13
2.155259296225403609e-13
2.143267038327406059e-13
2.147466782288554892e-13
2.168625493043476981e-13
2.181233435453843195e-13
2.228917524456265257e-13
2.209149642194140798e-13
2.240879999780445131e-13
2.300111012623881565e-13
2.360662454860787082e-13
2.292919822309360987e-13
2.306210880667707388e-13
2.386760959369379744e-13
2.467489568064098114e-13
2.403303329525532666e-13
