3.533302654485815788e-16
3.447463866025748645e-16
3.387370046724370017e-16
3.436641835858143139e-16
3.424087293485211032e-16
3.441562089995428822e-16
3.611901985548386931e-16
3.698134565986481280e-16
3.592291523775062470e-16
3.871410402345398603e-16
3.716875193362204202e-16
3.763005142019835524e-16
3.814976562453341487e-16
3.677338052397422415e-16
3.875076793206822265e-16
3.708075513910236795e-16
3.761711271398710940e-16
3.687553395892262738e-16
3.818298837819694809e-16
3.969568724614201327e-16
3.899795856881604482e-16
3.741767689978585069e-16
3.798496732630702904e-16
3.567254523850411352e-16
3.600871559579348197e-16
3.585204660800377199e-16
3.546094142569748858e-16
3.613472373989108267e-16
3.473136435961430362e-16
3.836227651555991698e-16
3.426192995921898371e-16
3.749005492641735108e-16
3.818087085160688911e-16
3.785416126773679686e-16
3.897323798921347489e-16
3.864666120052965651e-16
4.008802693010247844e-16
4.045445236999287169e-16
4.337559201569464081e-16
4.379796615944820296e-16
4.351602159412259039e-16
4.637411540060150518e-16
4.431040278301170452e-16
4.364279157018582293e-16
4.437151440010859722e-16
4.200750340581863322e-16
4.281599029733161560e-16
4.271749212416801293e-16
4.617423993727560327e-16
4.568981145578996032e-16
4.746382215614484802e-16
4.643952051397099171e-16
4.449386526336263657e-16
4.552407501821236672e-16
4.603550880618453214e-16
4.714425957269515461e-16
4.598198267236265428e-16
4.293274753859272498e-16
4.261547299795871086e-16
4.229545290027909433e-16
3.905933809862695359e-16
3.857184721524931763e-16
3.968431661186146516e-16
4.077284630484541655e-16
3.983548787340189240e-16
3.822661932356706694e-16
3.812023189258800772e-16
4.016620801254528191e-16
3.995909269452142230e-16
3.643416263155802977e-16
3.753224990846381946e-16
3.733486216113314209e-16
3.658445538575711075e-16
3.486217605041488871e-16
3.575115136998793664e-16
3.769864949482080554e-16
3.944492611562324084e-16
4.317361514080853029e-16
3.196811382836399203e-16
3.430108989973002638e-16
4.537244208103707733e-16
4.911901436402220908e-16
3.851779670606453490e-16
3.923855138474968686e-16
4.295760855517192451e-16
4.436269832628870421e-16
4.029544174330391332e-16
4.363661703556602349e-16
5.096002471247290977e-16
5.506151041021265594e-16
4.810091694404070729e-16
3.884914737594689526e-16
4.673224351215508677e-16
4.469514467913187505e-16
4.047438145051657463e-16
3.590893991229488759e-16
3.556591670895039975e-16
3.673500461401349819e-16
3.570955556967618739e-16
3.898516191172123046e-16
4.203804985575417019e-16
2.468545393516834696e-16
1.364694256425049780e-16
1.359975555071229431e-16
2.707923248123763695e-16
3.627888779557634308e-16
4.053464584593079772e-16
4.138045776841306401e-16
3.829548152489323669e-16
3.450063551634208441e-16
3.544506953426702259e-16
3.628760764518865236e-16
3.686286706257775992e-16
3.727777307627832635e-16
3.104291349380436094e-16
3.367036376374512368e-16
4.073844744807027348e-16
3.476339634313634183e-16
3.755110628233633719e-16
3.917804177320255398e-16
3.939714079561852090e-16
4.206682001375381639e-16
3.666936748391409842e-16
3.996038438153126768e-16
3.926144272766126618e-16
4.386087164558872000e-16
5.227339354239228039e-16
3.119630699224018079e-16
3.962541842445200552e-16
3.662503314548646378e-16
3.765567368166956800e-16
3.660600063978964561e-16
3.720822828471737467e-16
3.590535157395270676e-16
4.080987391608742042e-16
4.014581012875967817e-16
4.134850486068401299e-16
3.839420299133509386e-16
3.999642846125300246e-16
4.219888340160277039e-16
4.526237696089424783e-16
4.826063121020133034e-16
5.316024006881802267e-16
5.878142048876632613e-16
7.722465251220997038e-16
6.552397319461863373e-16
5.313367283722715759e-16
3.939036073041132572e-16
3.011504121960111656e-16
2.284990388303375363e-16
4.227445261917533367e-16
7.043282115328760297e-16
5.484770450988606697e-16
2.859967325994201000e-16
2.306052120245372506e-16
5.348367840971707984e-16
8.227350225306484714e-16
7.809705021379231546e-16
9.971869416805162015e-16
1.068006774469057131e-15
8.657261894151456876e-16
7.487828380619308594e-16
9.033392656096458441e-16
9.841753714356209385e-16
1.077508304993600504e-15
1.518253312492702804e-15
1.873088333311823203e-15
2.297793035588451637e-15
2.462341817413923601e-15
3.054810643367630951e-15
3.737515459422362190e-15
3.906384600889736636e-15
3.467362614336648368e-15
3.216588914522967399e-15
2.771977828823429468e-15
1.887251580146431281e-15
1.066265590711322262e-15
9.297843611707373244e-16
7.199754724723414944e-16
6.289119907390192280e-16
5.757352764244855068e-16
4.625070635847820880e-16
4.245836269254331856e-16
4.201030202983748650e-16
4.119225811578977526e-16
4.214618248107660403e-16
4.351607283162222717e-16
4.198976677673051286e-16
3.691768551724894559e-16
3.875689537688925735e-16
4.193449927883583069e-16
4.123553979997246969e-16
4.042529459059410512e-16
3.842272327838435320e-16
4.188571840948325296e-16
3.373152412420698234e-16
3.638851171230792756e-16
3.457990925586538633e-16
3.641188664092326537e-16
3.795980974786358646e-16
3.658989223300387212e-16
3.787683398292559310e-16
4.164620957869314345e-16
3.953671850893193846e-16
4.736871919285820207e-16
4.169581342680900850e-16
2.408129397673333897e-16
2.231679023095489784e-16
3.988914037154402531e-16
3.921968258261524040e-16
3.876996427593966784e-16
4.172599184980832009e-16
4.081024110793981547e-16
4.255731107224733918e-16
3.840340532221278682e-16
4.070463002099778650e-16
4.140887754418446547e-16
4.132615740680805959e-16
2.686996363565045292e-16
2.781394387115358541e-16
3.787937031608779480e-16
3.332121438759288773e-16
3.496883753655843881e-16
3.396789709593804056e-16
3.699022739030053809e-16
3.340450357155267993e-16
3.599543010570036277e-16
3.750341871453335481e-16
3.704237840362850390e-16
3.961682707744183434e-16
3.876044821497726373e-16
3.909444549265622116e-16
3.938860136096699819e-16
4.139987246112929354e-16
4.533838690504688129e-16
4.401685555131867322e-16
3.785414007225588503e-16
3.655514668084420068e-16
3.885691247948254935e-16
3.764437236116007433e-16
3.517311527735450009e-16
3.221193740675814578e-16
3.313359052777303380e-16
3.440680671262126476e-16
3.503725837552348217e-16
3.678761113987590845e-16
4.026510156021306855e-16
4.034832385395154524e-16
3.613317783269093151e-16
3.974393125858723717e-16
3.647319430987920760e-16
3.598553087978107893e-16
3.806974258658783062e-16
3.777523624765801431e-16
4.025246149898445384e-16
3.988519258795850972e-16
3.881981100285125118e-16
3.884965710395581185e-16
4.290228045207797753e-16
4.383057596966270132e-16
5.106759715776322582e-16
6.430617080040235742e-16
7.172646580494644908e-16
7.868747684920101742e-16
6.208298809518462681e-16
4.820929869249517226e-16
4.422629397991545099e-16
4.360717573828192810e-16
4.194080685870737942e-16
3.902760183612147152e-16
4.036049314351150767e-16
3.431751801727329944e-16
3.848155163537619100e-16
3.396452095983580587e-16
3.681014519659744873e-16
3.508205638460947916e-16
3.359208941442401699e-16
3.386218588470151285e-16
3.347355118651473359e-16
3.482793405560234141e-16
3.339714378216601236e-16
3.280870836243489580e-16
3.494001181149943310e-16
3.308984401037672049e-16
3.574497929906133127e-16
3.610800372449052457e-16
3.839535450518145140e-16
3.359571919719459299e-16
3.610805114596066029e-16
3.603306662468380070e-16
3.536843895933173135e-16
3.488316919348907946e-16
3.611162229776178354e-16
3.665759570169254653e-16
3.888650088202617774e-16
3.943604632516449406e-16
4.373866268772429875e-16
4.049532991391048534e-16
4.224561460597782418e-16
4.256394524378767107e-16
4.200975562471782534e-16
4.182047216214296445e-16
3.967025752388841382e-16
4.075843575995492792e-16
4.010005560618572228e-16
4.480526815188270961e-16
4.599246620710912334e-16
4.703064532924675693e-16
4.979007838046131577e-16
5.304323801999866803e-16
5.474552106812623486e-16
5.394888080090285069e-16
4.846758933744240810e-16
4.747707973537218931e-16
4.050515253458281074e-16
4.284161030115515263e-16
3.818287615261592589e-16
3.993312960177631319e-16
3.783551800058874947e-16
3.844062802086795918e-16
3.720468720900236844e-16
3.672306608691783178e-16
3.796686268138851857e-16
3.627799427752105555e-16
3.664970934207352465e-16
3.790323386235922294e-16
3.689470395770778146e-16
3.657740016653438404e-16
3.871036994547616211e-16
3.752209397549512949e-16
4.092256702125691083e-16
4.272993353897513565e-16
4.672108237054349821e-16
5.090272919371596801e-16
5.252960793121314266e-16
5.563928064165925751e-16
5.509547268033958312e-16
5.820109399253442680e-16
6.101704318619150991e-16
6.457015802677648634e-16
7.211654189876436362e-16
8.652822227000613625e-16
1.085615951428235447e-15
1.283427361783090223e-15
1.543170164380869576e-15
2.035712256643104267e-15
2.635214067398138470e-15
3.054273291189166427e-15
2.876913891307887729e-15
2.246572061805163586e-15
1.562654803310350052e-15
1.070105096110971986e-15
8.286083610962371727e-16
6.414804796449239791e-16
5.514176631975883392e-16
4.722588809399120020e-16
4.090409019005713915e-16
3.883726162057570913e-16
3.772203368343985940e-16
3.651181352877681212e-16
3.603061526739546113e-16
3.467573581709867653e-16
3.472675300289718255e-16
3.596316037589256608e-16
3.482942485655237035e-16
3.401245441705705550e-16
3.415871956413683284e-16
3.335251741672421893e-16
3.233956786117444135e-16
3.244661001127660265e-16
3.289271237283204038e-16
3.319809981061499127e-16
3.352407204227651224e-16
3.265080872547188907e-16
3.268200665206272547e-16
3.272581239647754273e-16
3.293624284224460668e-16
3.288355065323147357e-16
3.303893984808022911e-16
3.240607648697565939e-16
3.404060426419310811e-16
3.253704043661703547e-16
3.254364104542506372e-16
3.229816548573787526e-16
3.292980239852069719e-16
3.272763381838190801e-16
3.392100898054964114e-16
3.369583273698377653e-16
3.361188669316264412e-16
3.371577830132762872e-16
3.428213336148118947e-16
3.441643724150000471e-16
3.382404292403365342e-16
3.442901083407226918e-16
3.501641211078343983e-16
3.350959943596870200e-16
3.321915264892092026e-16
3.341686877089794147e-16
3.340682068299676292e-16
3.337550917296679780e-16
3.418110020109472039e-16
3.383324473719359956e-16
3.484535375836924486e-16
3.510082582928966450e-16
3.508474547614190636e-16
3.532206193541502934e-16
3.507611612461353133e-16
3.544161520863032970e-16
3.595076961722767091e-16
3.569971769255073109e-16
3.469819863117280771e-16
3.569439133548178846e-16
3.556226172741515094e-16
3.526438884374324904e-16
3.553868240712304935e-16
3.743231709423668846e-16
3.576196954671933425e-16
3.563560286669449881e-16
3.714145419811225734e-16
3.636845091054516045e-16
3.538218701378432936e-16
3.631786065453813448e-16
3.596471042794158593e-16
3.588168882682142452e-16
3.588350588797080416e-16
3.542344135923981966e-16
3.579822991601042623e-16
3.521975692897809121e-16
3.501029568611103479e-16
3.533214257194729269e-16
3.593307833214547845e-16
3.593712932931800409e-16
3.575027168038965598e-16
3.697800112119354039e-16
3.745217997407424816e-16
3.568926458216283474e-16
3.697077512456619128e-16
3.690981134084830500e-16
3.647504299379394568e-16
3.667671840268056278e-16
3.811270021636420753e-16
3.475009060587283090e-16
3.618013149383826091e-16
3.524672601618832178e-16
3.487017855320644448e-16
3.553460390207459561e-16
3.465254235462559320e-16
3.604601441454627932e-16
3.556371758671693645e-16
3.474566189765393033e-16
3.533678583150052370e-16
3.461582167278965354e-16
3.564055562651058665e-16
3.510785951320481506e-16
3.534825330729340605e-16
3.618926115276731939e-16
3.478279354088689746e-16
3.537407979548010997e-16
3.503303578389205291e-16
3.526793284756054491e-16
3.507801610778065275e-16
3.467556564999659422e-16
3.490856611541300406e-16
3.521711505145212148e-16
3.501770144241492862e-16
3.464642685040756044e-16
3.452245506539839684e-16
3.466915249469046228e-16
3.459963028926879346e-16
3.440767367192205386e-16
3.478478284259083483e-16
3.482865522209340106e-16
3.489312798628081136e-16
3.497193023328448296e-16
3.457538239622167963e-16
3.515622187084026566e-16
3.552110224464325193e-16
3.515840329186432063e-16
3.546339756494546683e-16
3.515126128297347268e-16
3.490964173677325271e-16
3.433941793235675820e-16
3.579225615105808616e-16
3.659103037238619403e-16
3.743252567290967505e-16
3.888647832640370290e-16
3.968428621221433994e-16
3.948491392561987840e-16
3.937654862457920296e-16
3.899600305542156830e-16
3.962436520517889933e-16
3.916037735365867023e-16
3.759511326370639102e-16
3.713603553500071497e-16
3.685597967578987800e-16
3.695201550859964971e-16
3.718440690502355800e-16
3.756376774755251961e-16
3.752152072449278278e-16
3.759157010783495247e-16
3.779897269958710475e-16
3.789159206159976150e-16
3.806944522499206568e-16
3.835532982601122386e-16
3.875654868916792103e-16
3.870902159983675266e-16
3.897703735565417264e-16
4.128342629112469621e-16
4.320637652972395611e-16
4.621523971524735286e-16
4.832454786497143208e-16
5.151154678286921136e-16
4.636953744396134922e-16
4.300801572132149925e-16
4.058416516032540850e-16
3.857472925276863071e-16
3.757590664820006756e-16
3.735936476469066637e-16
3.649545099242330857e-16
3.706263110853847889e-16
3.734829156477300154e-16
3.665465440464277393e-16
3.651986992765766702e-16
3.583637379631406190e-16
3.716033025928060939e-16
3.663289314548374704e-16
3.596482222631063630e-16
3.600977276819907423e-16
3.613421215629712291e-16
3.605767936898075654e-16
3.693987344986837543e-16
3.752866649160171672e-16
3.900361326766409249e-16
4.027556507331637806e-16
4.137091088042708044e-16
4.258790471331583837e-16
4.325483696751234583e-16
4.631577071797283247e-16
4.920145690073410681e-16
4.791142467896345351e-16
4.561276216180673254e-16
4.374694165693958705e-16
4.042425823846224029e-16
3.908318959990615575e-16
3.857418511394867448e-16
3.799514523204657852e-16
3.784311205578398964e-16
3.740205139844984864e-16
3.588544481223407906e-16
3.660162253400711016e-16
3.698667296791922890e-16
3.579351839781620757e-16
3.656263102930696763e-16
3.705722601542483018e-16
3.680212466305729127e-16
3.643361934752840362e-16
3.642584905489155018e-16
3.579144024151682432e-16
3.653951331847118105e-16
3.633077543901089454e-16
3.680047090197147526e-16
3.606334541469841671e-16
3.590713662782314440e-16
3.566333163685616361e-16
3.643847709019873511e-16
3.642920233632830585e-16
3.641175736005093609e-16
3.640603086973945018e-16
3.667150547185259231e-16
3.638437297803948113e-16
3.639615275543090528e-16
3.616467087893299625e-16
3.612813842049533136e-16
3.565044387323715859e-16
3.703741312708841428e-16
3.646894359604014886e-16
3.644536448002120224e-16
3.618540291480377826e-16
3.631074709886019257e-16
3.660195617282461445e-16
3.717068151687144321e-16
3.660317867513984902e-16
3.619419640645094868e-16
3.643948347163234569e-16
3.577310120042983573e-16
3.593911494358691469e-16
3.539992579220991267e-16
3.483280075199148388e-16
3.509461422780184043e-16
3.561657788862137445e-16
3.600012581450460922e-16
3.626330842729048077e-16
3.531178353064487981e-16
3.561968022729562503e-16
3.623005752331698648e-16
3.605127075880777207e-16
3.655731221130844553e-16
3.667666667272361471e-16
3.626408454294002203e-16
3.618631060206547746e-16
3.587740358202770180e-16
3.568880780082225714e-16
3.597777401489475524e-16
3.616451132273496358e-16
3.613080970241583085e-16
3.692818975450814393e-16
3.971971191541023325e-16
3.958375028995702216e-16
3.629032840130812569e-16
3.643817195539225306e-16
3.650578236211715763e-16
3.648982181897667607e-16
3.685366745565271754e-16
3.694341473192747893e-16
3.673357377162738076e-16
3.671879713064091036e-16
3.711110595373956810e-16
3.734201489711435808e-16
3.777051254167340336e-16
3.856341111863884418e-16
3.831384121728661762e-16
3.817541501829897795e-16
3.813036176042184779e-16
3.794181916430473237e-16
3.731738312011173543e-16
3.675688997021188508e-16
3.667131120544282655e-16
3.637817270948733836e-16
3.623423543435592653e-16
3.621104267329859103e-16
3.614502188086827182e-16
3.602761158525891008e-16
3.571640494087399065e-16
3.522144535115608205e-16
3.549287506160902193e-16
3.575099913620632796e-16
3.593123875386061911e-16
3.613748187578020938e-16
3.553321107142392608e-16
3.687341966380609057e-16
3.792151784413884999e-16
3.709224472806155374e-16
3.764616057821567359e-16
3.740637695814370298e-16
3.791839245418613022e-16
3.824200292111786407e-16
3.854355980760492198e-16
3.854615660751408156e-16
3.970209519366748876e-16
3.874305060362421869e-16
3.866188836259549387e-16
3.821939874003323806e-16
3.808329782074607386e-16
3.789760238305602241e-16
3.778103349430992250e-16
3.753906892622506215e-16
3.744918908833671833e-16
3.794705899460134396e-16
3.869715123763523922e-16
3.997409917878254782e-16
4.180381901188921510e-16
4.376205123510312659e-16
4.699299416239385448e-16
4.812121782334237901e-16
4.651578578775462067e-16
4.615634305138425206e-16
4.686123884271256410e-16
4.480973481234532492e-16
4.320564782049086089e-16
3.962356494528461745e-16
3.835881591203157866e-16
3.822769714088671442e-16
3.733119228942702100e-16
3.671975777103128055e-16
3.724947261559729582e-16
3.771455722937300146e-16
3.742737851348066400e-16
3.707635525891112415e-16
3.725732455648033702e-16
3.742798678322175920e-16
3.762974029901306649e-16
3.704303432515762068e-16
3.725009891141474214e-16
3.717160977924647730e-16
3.713821206682603380e-16
3.671716765755594961e-16
3.721620069657206808e-16
3.679834312741955861e-16
3.671040982847058676e-16
3.678972266736273080e-16
3.677869905702064672e-16
3.693960047799386979e-16
3.713056300351722614e-16
3.750367886238101735e-16
3.728911624291852567e-16
3.791361682302475869e-16
3.752460455703369245e-16
3.732332573136370421e-16
3.851258334265100526e-16
3.761340457996130021e-16
3.731435837755997005e-16
3.754592760543575388e-16
3.724200784129829236e-16
3.696231316816250542e-16
3.740287634144811486e-16
3.724796592768145775e-16
3.694468390208934497e-16
3.655349722227286916e-16
3.717456267940804967e-16
3.742624062220435604e-16
3.702107780170500674e-16
3.716142542877547557e-16
3.682119940845807172e-16
3.749137541279343620e-16
3.768299807976998011e-16
3.753292351212171227e-16
3.774365808849486503e-16
3.780863576721916823e-16
3.737070773374026979e-16
3.765360443797246094e-16
3.743811650610097812e-16
3.754533515890445828e-16
3.748804820753161415e-16
3.774212937066904923e-16
3.789134793401766649e-16
3.768295339794931829e-16
3.799266085021691525e-16
3.827479032782891734e-16
3.831179005593834716e-16
3.819731905865529309e-16
3.803719572850028122e-16
3.765161752771319153e-16
3.780202813933761854e-16
3.815864901236111956e-16
3.845134657674989736e-16
3.872342469125160136e-16
3.940273611478911233e-16
3.956444122478233553e-16
4.052024444916793426e-16
4.182119213595566030e-16
4.064248229162127016e-16
3.958548903828514737e-16
3.865978090228899240e-16
4.005191834903990374e-16
4.100732212087638121e-16
4.058833646355018253e-16
4.379087151337114155e-16
4.504060671532548818e-16
4.755177453159603834e-16
4.969855332829056281e-16
5.103995609396292351e-16
5.368450657355519904e-16
5.869516730013146927e-16
6.077104831743365247e-16
6.411212284491805437e-16
6.140802204828702119e-16
5.564143448018420944e-16
5.113476121523936213e-16
4.743426933985217819e-16
4.460009064542238453e-16
4.282764496728128671e-16
4.178448101875204939e-16
4.082602114294633050e-16
4.072928936980037414e-16
3.959541225997239027e-16
3.924841915472206560e-16
3.904813400478767493e-16
3.814886376377664331e-16
3.883201618105723863e-16
3.851159741572541947e-16
3.854592180918321940e-16
3.895770106416007471e-16
3.828814059357360229e-16
3.801223998153894040e-16
3.852136239151322436e-16
3.865662817866881232e-16
3.777444766191233347e-16
3.696518076262492710e-16
3.920613907655332537e-16
3.757899464134909280e-16
3.742586298281651816e-16
3.782814982677222257e-16
3.816170440598525496e-16
3.868422751226463499e-16
3.899235049247703226e-16
3.851352271838127695e-16
3.849821429129701678e-16
3.876931546329811017e-16
3.868191393824789432e-16
3.855569380988990644e-16
3.883685916920338154e-16
3.939036087319445931e-16
3.990344054824337471e-16
3.970142830404801452e-16
4.057832568491339058e-16
4.059838126622657753e-16
4.091383212660379215e-16
4.068422419922969713e-16
4.190205634148053100e-16
4.326445446862847456e-16
4.336985487505995755e-16
4.240087909601406846e-16
4.117742395002743751e-16
3.995456117141552603e-16
3.988866978279118889e-16
3.951802731102050559e-16
3.926179986480619377e-16
3.963354995847705086e-16
3.935479036725648593e-16
3.873417459118582539e-16
3.885878970781287283e-16
3.891411360450807000e-16
3.890336044404134553e-16
3.897337766339559425e-16
3.913415557242013599e-16
3.943639089053994343e-16
4.006038343105765809e-16
4.008539993160506090e-16
4.015176447791318095e-16
4.039691933952334561e-16
4.012706685949999140e-16
3.918102584152026033e-16
3.918756320904230898e-16
3.930202825212886174e-16
3.918513639953245971e-16
3.833116854296933267e-16
3.901062599373459803e-16
3.755800665250564893e-16
3.810435117451278411e-16
3.891852997655460795e-16
3.895296121946275178e-16
3.907412801349749698e-16
3.961916472441811687e-16
3.935876382647228790e-16
3.853419578484045687e-16
3.932768957516765361e-16
3.909866846050338855e-16
3.878627372631136053e-16
3.882826380521155521e-16
3.867291179595803409e-16
3.833617933746033843e-16
3.856900560882675907e-16
3.978048455406112502e-16
3.852133199862307244e-16
3.852446670559059927e-16
3.912182515968694805e-16
3.892048501153754512e-16
3.926482562672355742e-16
3.908171705509625196e-16
4.051421817138338079e-16
3.967424817150349441e-16
3.971175477662999960e-16
4.050058855162290967e-16
4.091560359776777708e-16
4.021410623885650833e-16
4.013205558468204683e-16
4.034241209578396972e-16
4.041989127364749988e-16
4.090772810745607658e-16
4.160249170808457647e-16
4.086472669133921771e-16
4.107082769623649516e-16
4.119310340911213343e-16
4.127359370675040694e-16
4.154228875882041909e-16
4.188041961402598389e-16
4.235318911018675572e-16
4.162629411357861508e-16
4.127929284024980578e-16
4.101993254893624303e-16
4.125315068166660976e-16
4.076222318440553509e-16
4.039964896725025200e-16
3.973876027515767872e-16
3.947584651542396219e-16
3.886150619608230312e-16
3.955564029437324046e-16
3.953758041191339450e-16
3.896650561401046570e-16
3.845626058814259478e-16
3.872069528545159064e-16
3.855850610804435404e-16
3.854526385318942085e-16
3.953355663655550968e-16
3.847969586422713466e-16
3.926973932160770259e-16
3.924510081148517117e-16
3.910772741802599571e-16
4.060490464646628922e-16
3.922102251101536536e-16
3.982288030508437054e-16
3.946937327727519895e-16
4.044440492109663157e-16
3.943523251080863823e-16
3.980008410139437821e-16
3.921808304122832063e-16
3.943883394825842964e-16
3.992928110919733251e-16
3.995682280996211870e-16
4.049617041891790965e-16
3.939191820531352928e-16
3.918341081096047373e-16
3.942508010628005466e-16
4.074931610378842401e-16
4.126546057071891685e-16
3.945948536178668655e-16
4.082474511986136429e-16
4.138930396108227214e-16
4.019317966484151146e-16
4.020579379220746000e-16
3.891150203536462546e-16
4.005543158925540904e-16
4.104448100680823361e-16
4.103997891719048622e-16
3.937437433676407273e-16
4.085585181922074457e-16
4.029048024088726346e-16
4.095296917916106741e-16
4.024814916944294548e-16
3.948936804900020078e-16
4.077506449890438082e-16
3.817566703271245670e-16
3.921379903144523469e-16
3.915595244297351960e-16
3.892541902271169490e-16
3.950221826281528295e-16
4.120778180709833717e-16
4.045207897635377306e-16
4.002797394624963749e-16
4.024623738883583168e-16
4.149632471633408381e-16
4.106075480107609384e-16
4.071884650539353039e-16
4.016315631773239063e-16
4.003027730004013529e-16
4.126476535447018469e-16
4.128663951503327788e-16
4.121208991974994086e-16
4.125379915456514702e-16
4.124931994309694733e-16
4.144663976362787444e-16
4.147140567376308160e-16
4.060263358547683426e-16
4.093226980101486763e-16
4.177414310821189101e-16
4.109520369995523905e-16
4.017138610991349063e-16
4.000997573002800688e-16
3.903837624352732311e-16
3.922601304007703938e-16
4.064691597138289028e-16
3.983476269918818103e-16
3.971979327625187619e-16
3.929805387443455234e-16
3.916976717614979138e-16
3.965477362633978834e-16
3.977058228735471553e-16
3.928128626058156269e-16
4.059074849171500137e-16
4.016824950680881582e-16
4.017289837080306352e-16
3.974465089856204925e-16
3.944968836070318981e-16
3.981943023682584856e-16
4.005491085486965842e-16
4.315592357994744324e-16
4.124485964793189394e-16
4.090391352833737214e-16
4.143114703276758131e-16
4.121708947206221855e-16
4.080580173741406251e-16
4.052359776418539425e-16
4.111491076321652613e-16
3.981144143554646667e-16
4.085156040764698713e-16
4.047517114113590895e-16
4.076351956836850200e-16
3.957944809305019656e-16
3.982840266750959905e-16
4.115465736791425191e-16
4.120943951121455552e-16
4.112838111319991324e-16
4.106784839574962793e-16
4.070304368024214437e-16
4.100672723660518852e-16
4.107456229401862270e-16
4.187905363700328281e-16
4.078520961116273169e-16
4.063583578819239605e-16
4.120861908741808983e-16
4.168959961427911515e-16
4.030057273311244491e-16
4.077909907609477870e-16
4.231551121877241840e-16
4.353235325361424972e-16
4.319455359641335348e-16
4.327075100961128299e-16
4.327452843492982138e-16
4.277856712698359428e-16
4.150591652953390075e-16
4.185024622210870811e-16
4.247404985217014197e-16
4.061318438672681848e-16
4.144348166183478337e-16
4.223443657325905977e-16
4.012475485531411018e-16
4.124087847725227893e-16
4.219332440119376571e-16
4.045830883344231892e-16
4.038241864341349344e-16
3.960619285026989776e-16
3.946516641328375101e-16
3.912172890630842696e-16
3.924616661374539710e-16
3.949737259984795459e-16
4.002405956786342218e-16
3.949284025980352765e-16
3.956390876768813724e-16
3.924068862245515631e-16
3.957463157143383439e-16
3.958574255854841896e-16
4.017916920030140384e-16
4.011362535177506033e-16
3.987507409668203680e-16
4.056649778753365773e-16
4.166577022217486127e-16
4.014668186203012828e-16
4.002635012829637663e-16
4.028518105747830355e-16
4.066510051499551883e-16
4.070533180190835135e-16
4.030731493471628096e-16
4.025748561687962018e-16
4.017749569633571187e-16
4.078557347062553789e-16
4.111443576043728704e-16
4.084413761464564697e-16
4.133652747798436263e-16
4.097980449449820104e-16
4.065750209478012919e-16
4.091774540889746548e-16
4.147658906088844426e-16
4.142997164161942070e-16
4.180505544575890606e-16
4.081594869446713113e-16
4.058676159035777106e-16
4.136733155800164586e-16
4.084211569032227581e-16
4.135280731288798529e-16
4.131340447738243896e-16
4.164041073160913503e-16
4.164657361708707129e-16
4.165428806246826650e-16
4.162681695826558417e-16
4.176818708757030755e-16
4.165862697506644003e-16
4.188546931629393139e-16
4.304137999868854663e-16
4.367761762588438385e-16
4.455562371259743944e-16
4.596347376147275629e-16
4.762520718876328380e-16
4.917871144125573492e-16
5.244969393582012089e-16
5.673826616579965684e-16
6.492663783438197190e-16
7.342607913121016738e-16
8.197373463152805758e-16
7.664541971329387745e-16
6.660889419192932930e-16
5.905423104924707817e-16
5.138014132177696764e-16
4.729801963602485479e-16
4.423581212962586522e-16
4.286232131121319180e-16
4.192671024975636880e-16
4.263841878879608304e-16
4.142261253327482209e-16
4.123069243182356893e-16
4.114063378408101789e-16
4.097108984106195563e-16
4.024529173487900365e-16
4.063367634568542615e-16
4.172162444864210207e-16
4.056291754363099904e-16
4.111593572123401716e-16
4.087462722918418592e-16
4.139640108278379244e-16
4.165972712994317039e-16
4.184606480989029345e-16
4.123083693087455803e-16
4.078582442870102629e-16
4.230378531967262994e-16
4.308286125281296902e-16
4.156004423964316427e-16
4.088332958790626901e-16
4.166462154640348225e-16
4.188714867798289302e-16
4.214425722100641150e-16
4.144165415273778108e-16
4.218642333499946602e-16
4.100404884407332093e-16
4.120721012033485654e-16
4.221593415856578115e-16
4.056741574136668494e-16
4.170882708680632846e-16
4.316303479284625148e-16
4.204241590773087697e-16
4.164097807875926497e-16
4.077843953153676467e-16
4.201531579509694519e-16
4.255795398533175654e-16
4.165289060689277133e-16
3.827175696011276476e-16
3.441446204702262431e-16
3.975692195370292315e-16
5.142687198416427862e-16
4.448828922212955556e-16
4.320865136497014860e-16
4.174670856806285872e-16
4.255187541784758528e-16
4.213345410158861558e-16
4.199004223266596513e-16
4.253128354164541524e-16
4.174663492219002657e-16
4.397051502578390246e-16
4.190257858862454356e-16
4.237485725966456111e-16
4.324552977802000794e-16
4.148986727729879189e-16
4.089580862925705263e-16
4.135075743264313438e-16
4.167992579667697608e-16
4.136097569699199095e-16
4.138963540685571662e-16
4.125325343040887581e-16
4.134919890512972647e-16
4.139328919527192913e-16
3.983550042287682531e-16
4.090046675794456272e-16
4.042435226852564344e-16
4.039008093442733432e-16
4.261734975175890267e-16
4.095061532433342876e-16
4.158400170332652837e-16
4.132770740639064074e-16
4.039442981928078976e-16
4.292735738241484575e-16
4.241573419463961116e-16
4.081508618573431023e-16
4.333138980145405630e-16
4.099418448955759423e-16
4.068373961257307373e-16
4.222369590697654969e-16
4.160955101892944876e-16
4.331041093744429919e-16
4.330860993805188857e-16
4.441285284707226792e-16
4.350117636846066558e-16
4.411778608010660062e-16
4.473007003875322221e-16
4.258166620958497894e-16
4.222499959553389149e-16
4.309307435861662092e-16
4.228143936565338461e-16
4.248553324653151344e-16
4.329655167557348624e-16
4.284706793978607104e-16
4.282535239822893268e-16
4.307805860955813295e-16
4.189050221019408325e-16
4.201477093329317260e-16
4.283935547879033035e-16
4.228285163460047475e-16
4.237377952735221473e-16
4.137613597729762286e-16
4.120425695806702541e-16
4.153706207853758357e-16
4.233256811590933520e-16
4.343730843238436845e-16
4.232316622565091801e-16
4.253247439310033563e-16
4.180143931356449484e-16
4.267990677056247532e-16
4.060513593880478215e-16
4.203484213277387467e-16
4.221035282127866617e-16
4.290202418247569792e-16
4.307772851773813072e-16
4.343119012615336432e-16
4.420697441279468584e-16
4.136350668218329473e-16
4.115150282824946372e-16
4.127487540871719000e-16
4.061756396845515056e-16
4.174228689822732036e-16
4.145456751723666905e-16
4.200919586246480112e-16
4.173901748866557573e-16
4.239850763155548459e-16
4.281514998780601902e-16
4.189904358852409241e-16
4.231591729431191530e-16
4.246951715313046041e-16
4.272569266446854775e-16
4.184653888962090242e-16
4.289907753310154072e-16
4.328748249154283328e-16
4.239994050388932049e-16
4.255665732874032941e-16
4.349080054441853053e-16
4.341930590142803865e-16
4.352494516577204146e-16
4.286633857427813504e-16
4.324467468389058174e-16
4.382363876115043128e-16
4.355933401153814921e-16
4.299311571731045758e-16
4.368683856383473114e-16
4.321768447442385050e-16
4.321982454758629591e-16
4.468602804140044352e-16
4.390579438560511120e-16
4.340535798907255270e-16
4.375266481381269353e-16
4.412740066420731273e-16
4.538688971841405063e-16
4.619854630965509812e-16
4.581899759471990555e-16
4.517823860230263579e-16
4.655404101124557633e-16
4.755278129661257383e-16
4.887917617993915072e-16
5.059181226512006618e-16
5.282374248140242183e-16
5.258324906954062818e-16
5.087329756335482368e-16
5.070666599235758297e-16
5.353123159530445460e-16
5.086474479096112504e-16
4.738083923474596385e-16
4.731727312676218279e-16
4.394687370168899464e-16
4.400977493946604877e-16
4.479571295543267304e-16
4.391574887213463329e-16
4.598126042993083974e-16
4.529095060188133540e-16
4.594275470864527859e-16
4.530836883965144701e-16
4.615257535724507830e-16
4.707195660680775958e-16
4.706664480660812240e-16
4.661673818238528404e-16
4.574432181009108568e-16
4.734378031674364360e-16
4.515186469203911902e-16
4.664556490940151264e-16
4.603296084967497148e-16
4.737818504858634168e-16
4.589282118888898399e-16
4.619223347205611049e-16
4.599862782587340960e-16
4.587709147524614540e-16
4.625991720133739083e-16
4.754543904604576798e-16
4.823724313396695656e-16
4.949079921810186262e-16
5.152185819324663250e-16
5.114711110625618206e-16
5.017780095278048267e-16
5.027294664592217720e-16
5.072411081803563738e-16
5.200223174126817695e-16
4.997529533980632617e-16
4.980399494838305724e-16
4.878462004784297650e-16
4.755606772595532801e-16
4.920780762625401788e-16
4.915042191854853666e-16
4.662732846165962272e-16
4.606415522345524896e-16
4.597638396585850423e-16
4.652165433318976315e-16
4.632123016920288080e-16
4.551904733332331683e-16
4.590673481380490088e-16
4.643681219238122803e-16
4.675050443171517282e-16
4.716212021271263945e-16
4.674093645283832079e-16
4.662472704699463634e-16
4.699162136852627639e-16
4.743668578767827751e-16
4.783552366697836696e-16
4.953638319587890852e-16
5.116657774662598873e-16
4.875945956757830803e-16
4.968159341797204385e-16
