9.705894529162175104e+02
9.717239318686162051e+02
9.728584108210150134e+02
9.739928897734138218e+02
9.751273687258126301e+02
9.762618476782114385e+02
9.773963266306102469e+02
9.785308055830090552e+02
9.796652845354078636e+02
9.807997634878066719e+02
9.819342424402053666e+02
9.830687213926042887e+02
9.842032003450030970e+02
9.853376792974017917e+02
9.864721582498006001e+02
9.876066372021995221e+02
9.887411161545983305e+02
9.898755951069970251e+02
9.910100740593958335e+02
9.921445530117947555e+02
9.932790319641934502e+02
9.944135109165922586e+02
9.955479898689910669e+02
9.966824688213898753e+02
9.978169477737886837e+02
9.989514267261874920e+02
1.000085905678586187e+03
1.001220384630985109e+03
1.002354863583383917e+03
1.003489342535782612e+03
1.004623821488181420e+03
1.005758300440580342e+03
1.006892779392979037e+03
1.008027258345377845e+03
1.009161737297776767e+03
1.010296216250175462e+03
1.011430695202574270e+03
1.012565174154973079e+03
1.013699653107371887e+03
1.014834132059770695e+03
1.015968611012169504e+03
1.017103089964568198e+03
1.018237568916967120e+03
1.019372047869365929e+03
1.020506526821764737e+03
1.021641005774163546e+03
1.022775484726562240e+03
1.023909963678961276e+03
1.025044442631359971e+03
1.026178921583758665e+03
1.027313400536157587e+03
1.028447879488556055e+03
1.029582358440955204e+03
1.030716837393353899e+03
1.031851316345752593e+03
1.032985795298151515e+03
1.034120274250550438e+03
1.035254753202949132e+03
1.036389232155347827e+03
1.037523711107746976e+03
1.038658190060145444e+03
1.039792669012544366e+03
1.040927147964943060e+03
1.042061626917341755e+03
1.043196105869740904e+03
1.044330584822139372e+03
1.045465063774538294e+03
1.046599542726937216e+03
1.047734021679335910e+03
1.048868500631734832e+03
1.050002979584133300e+03
1.051137458536532449e+03
1.052271937488931144e+03
1.053406416441329839e+03
1.054540895393728761e+03
1.055675374346127683e+03
1.056809853298526377e+03
1.057944332250925072e+03
1.059078811203323994e+03
1.060213290155722689e+03
1.061347769108121611e+03
1.062482248060520305e+03
1.063616727012919000e+03
1.064751205965318150e+03
1.065885684917716617e+03
1.067020163870115539e+03
1.068154642822514461e+03
1.069289121774913156e+03
1.070423600727312078e+03
1.071558079679710545e+03
1.072692558632109694e+03
1.073827037584508389e+03
1.074961516536907084e+03
1.076095995489306006e+03
1.077230474441704928e+03
1.078364953394103622e+03
1.079499432346502317e+03
1.080633911298901239e+03
1.081768390251299934e+03
1.082902869203698856e+03
1.084037348156097551e+03
1.085171827108496245e+03
1.086306306060895395e+03
1.087440785013293862e+03
1.088575263965692784e+03
1.089709742918091479e+03
1.090844221870490401e+03
1.091978700822889323e+03
1.093113179775287790e+03
1.094247658727686940e+03
1.095382137680085634e+03
1.096516616632484329e+03
1.097651095584883251e+03
1.098785574537281946e+03
1.099920053489680868e+03
1.101054532442079562e+03
1.102189011394478257e+03
1.103323490346877179e+03
1.104457969299276101e+03
1.105592448251674796e+03
1.106726927204073490e+03
1.107861406156472640e+03
1.108995885108871107e+03
1.110130364061270029e+03
1.111264843013668724e+03
1.112399321966067646e+03
1.113533800918466568e+03
1.114668279870865035e+03
1.115802758823264185e+03
1.116937237775662879e+03
1.118071716728061574e+03
1.119206195680460496e+03
1.120340674632858963e+03
1.121475153585258113e+03
1.122609632537656807e+03
1.123744111490055502e+03
1.124878590442454424e+03
1.126013069394853346e+03
1.127147548347252041e+03
1.128282027299650736e+03
1.129416506252049885e+03
1.130550985204448352e+03
1.131685464156847274e+03
1.132819943109245969e+03
1.133954422061644891e+03
1.135088901014043813e+03
1.136223379966442280e+03
1.137357858918841430e+03
1.138492337871240125e+03
1.139626816823638819e+03
1.140761295776037741e+03
1.141895774728436209e+03
1.143030253680835358e+03
1.144164732633234053e+03
1.145299211585632747e+03
1.146433690538031669e+03
1.147568169490430591e+03
1.148702648442829286e+03
1.149837127395227981e+03
1.150971606347626903e+03
1.152106085300025597e+03
1.153240564252424520e+03
1.154375043204823214e+03
1.155509522157221909e+03
1.156644001109621058e+03
1.157778480062019526e+03
1.158912959014418448e+03
1.160047437966817370e+03
1.161181916919216064e+03
1.162316395871614986e+03
1.163450874824013454e+03
1.164585353776412603e+03
1.165719832728811298e+03
1.166854311681209992e+03
1.167988790633608915e+03
1.169123269586007837e+03
1.170257748538406531e+03
1.171392227490805226e+03
1.172526706443204148e+03
1.173661185395602843e+03
1.174795664348001765e+03
1.175930143300400459e+03
1.177064622252799154e+03
1.178199101205198303e+03
1.179333580157596771e+03
1.180468059109995693e+03
1.181602538062394387e+03
1.182737017014793309e+03
1.183871495967192232e+03
1.185005974919590699e+03
1.186140453871989848e+03
1.187274932824388543e+03
1.188409411776787238e+03
1.189543890729186160e+03
1.190678369681584854e+03
1.191812848633983776e+03
1.192947327586382471e+03
1.194081806538781393e+03
1.195216285491180088e+03
1.196350764443579010e+03
1.197485243395977704e+03
1.198619722348376399e+03
1.199754201300775549e+03
1.200888680253174016e+03
1.202023159205572938e+03
1.203157638157971633e+03
1.204292117110370555e+03
1.205426596062769477e+03
1.206561075015167944e+03
1.207695553967567093e+03
1.208830032919965788e+03
1.209964511872364483e+03
1.211098990824763405e+03
1.212233469777161872e+03
1.213367948729561022e+03
1.214502427681959716e+03
1.215636906634358411e+03
1.216771385586757333e+03
1.217905864539156255e+03
1.219040343491554950e+03
1.220174822443953644e+03
1.221309301396352794e+03
1.222443780348751261e+03
1.223578259301150183e+03
1.224712738253548878e+03
1.225847217205947800e+03
1.226981696158346722e+03
1.228116175110745189e+03
1.229250654063144339e+03
1.230385133015543033e+03
1.231519611967941728e+03
1.232654090920340650e+03
1.233788569872739117e+03
1.234923048825138267e+03
1.236057527777536961e+03
1.237192006729935656e+03
1.238326485682334578e+03
1.239460964634733500e+03
1.240595443587132195e+03
1.241729922539530889e+03
1.242864401491929812e+03
1.243998880444328506e+03
1.245133359396727428e+03
1.246267838349126123e+03
1.247402317301524818e+03
1.248536796253923967e+03
1.249671275206322434e+03
1.250805754158721584e+03
1.251940233111120278e+03
1.253074712063518973e+03
1.254209191015917895e+03
1.255343669968316362e+03
1.256478148920715512e+03
1.257612627873114207e+03
1.258747106825512901e+03
1.259881585777911823e+03
1.261016064730310745e+03
1.262150543682709440e+03
1.263285022635108135e+03
1.264419501587507057e+03
1.265553980539905751e+03
1.266688459492304673e+03
1.267822938444703368e+03
1.268957417397102063e+03
1.270091896349501212e+03
1.271226375301899679e+03
1.272360854254298602e+03
1.273495333206697296e+03
1.274629812159096218e+03
1.275764291111495140e+03
1.276898770063893608e+03
1.278033249016292757e+03
1.279167727968691452e+03
1.280302206921090146e+03
1.281436685873489068e+03
1.282571164825887990e+03
1.283705643778286685e+03
1.284840122730685380e+03
1.285974601683084302e+03
1.287109080635482997e+03
1.288243559587881919e+03
1.289378038540280613e+03
1.290512517492679308e+03
1.291646996445078457e+03
1.292781475397476925e+03
1.293915954349875847e+03
1.295050433302274541e+03
1.296184912254673463e+03
1.297319391207072385e+03
1.298453870159470853e+03
1.299588349111870002e+03
1.300722828064268697e+03
1.301857307016667392e+03
1.302991785969066314e+03
1.304126264921464781e+03
1.305260743873863930e+03
1.306395222826262625e+03
1.307529701778661320e+03
1.308664180731060242e+03
1.309798659683459164e+03
1.310933138635857858e+03
1.312067617588256553e+03
1.313202096540655702e+03
1.314336575493054170e+03
1.315471054445453092e+03
1.316605533397851787e+03
1.317740012350250709e+03
1.318874491302649631e+03
1.320008970255048098e+03
1.321143449207447247e+03
1.322277928159845942e+03
1.323412407112244637e+03
1.324546886064643559e+03
1.325681365017042026e+03
1.326815843969441175e+03
1.327950322921839870e+03
1.329084801874238565e+03
1.330219280826637487e+03
1.331353759779036409e+03
1.332488238731435104e+03
1.333622717683833798e+03
1.334757196636232720e+03
1.335891675588631415e+03
1.337026154541030337e+03
1.338160633493429032e+03
1.339295112445827954e+03
1.340429591398226876e+03
1.341564070350625343e+03
1.342698549303024492e+03
1.343833028255423187e+03
1.344967507207821882e+03
1.346101986160220804e+03
1.347236465112619271e+03
1.348370944065018421e+03
1.349505423017417115e+03
1.350639901969815810e+03
1.351774380922214732e+03
1.352908859874613654e+03
1.354043338827012349e+03
1.355177817779411043e+03
1.356312296731809965e+03
1.357446775684208660e+03
1.358581254636607582e+03
1.359715733589006277e+03
1.360850212541404971e+03
1.361984691493804121e+03
1.363119170446202588e+03
1.364253649398601510e+03
1.365388128351000205e+03
1.366522607303399127e+03
1.367657086255798049e+03
1.368791565208196516e+03
1.369926044160595666e+03
1.371060523112994360e+03
1.372195002065393055e+03
1.373329481017791977e+03
1.374463959970190899e+03
1.375598438922589594e+03
1.376732917874988289e+03
1.377867396827387211e+03
1.379001875779785905e+03
1.380136354732184827e+03
1.381270833684583522e+03
1.382405312636982217e+03
1.383539791589381366e+03
1.384674270541779833e+03
1.385808749494178755e+03
1.386943228446577450e+03
1.388077707398976372e+03
1.389212186351375294e+03
1.390346665303773761e+03
1.391481144256172911e+03
1.392615623208571606e+03
1.393750102160970300e+03
1.394884581113369222e+03
1.396019060065767917e+03
1.397153539018166839e+03
1.398288017970565534e+03
1.399422496922964456e+03
1.400556975875363150e+03
1.401691454827762072e+03
1.402825933780160767e+03
1.403960412732559462e+03
1.405094891684958611e+03
1.406229370637357079e+03
1.407363849589756001e+03
1.408498328542154695e+03
1.409632807494553617e+03
1.410767286446952539e+03
1.411901765399351007e+03
1.413036244351750156e+03
1.414170723304148851e+03
1.415305202256547545e+03
1.416439681208946467e+03
1.417574160161344935e+03
1.418708639113744084e+03
1.419843118066142779e+03
1.420977597018541474e+03
1.422112075970940396e+03
1.423246554923339318e+03
1.424381033875738012e+03
1.425515512828136707e+03
1.426649991780535629e+03
1.427784470732934324e+03
1.428918949685333246e+03
1.430053428637731940e+03
1.431187907590130862e+03
1.432322386542529784e+03
1.433456865494928252e+03
1.434591344447327401e+03
1.435725823399726096e+03
1.436860302352124791e+03
1.437994781304523713e+03
1.439129260256922180e+03
1.440263739209321329e+03
1.441398218161720024e+03
1.442532697114118719e+03
1.443667176066517641e+03
1.444801655018916563e+03
