1.447070612923713952e+03
1.448205091876112874e+03
1.449339570828511569e+03
1.450474049780910491e+03
1.451608528733309186e+03
1.452743007685708108e+03
1.453877486638107030e+03
1.455011965590505497e+03
1.456146444542904419e+03
1.457280923495303114e+03
1.458415402447702036e+03
1.459549881400100958e+03
1.460684360352499652e+03
1.461818839304898574e+03
1.462953318257297269e+03
1.464087797209695964e+03
1.465222276162094886e+03
1.466356755114493808e+03
1.467491234066892503e+03
1.468625713019291197e+03
1.469760191971689892e+03
1.470894670924088814e+03
1.472029149876487736e+03
1.473163628828886431e+03
1.474298107781285353e+03
1.475432586733684275e+03
1.476567065686082742e+03
1.477701544638481664e+03
1.478836023590880359e+03
1.479970502543279281e+03
1.481104981495678203e+03
1.482239460448076670e+03
1.483373939400475820e+03
1.484508418352874514e+03
1.485642897305273209e+03
1.486777376257672131e+03
1.487911855210070826e+03
1.489046334162469748e+03
1.490180813114868442e+03
1.491315292067267137e+03
1.492449771019666059e+03
1.493584249972064981e+03
1.494718728924463676e+03
1.495853207876862598e+03
1.496987686829261520e+03
1.498122165781659987e+03
1.499256644734058909e+03
1.500391123686457604e+03
1.501525602638856526e+03
1.502660081591255448e+03
1.503794560543653915e+03
1.504929039496053065e+03
1.506063518448451759e+03
1.507197997400850454e+03
1.508332476353249376e+03
1.509466955305648071e+03
1.510601434258046993e+03
1.511735913210445688e+03
1.512870392162844382e+03
1.514004871115243304e+03
1.515139350067642226e+03
1.516273829020040921e+03
1.517408307972439616e+03
1.518542786924838538e+03
1.519677265877237232e+03
1.520811744829636154e+03
1.521946223782034849e+03
1.523080702734433771e+03
1.524215181686832693e+03
1.525349660639231161e+03
1.526484139591630083e+03
1.527618618544029005e+03
1.528753097496427699e+03
1.529887576448826621e+03
1.531022055401225316e+03
1.532156534353624238e+03
1.533291013306022933e+03
1.534425492258421627e+03
1.535559971210820549e+03
1.536694450163219472e+03
1.537828929115618166e+03
1.538963408068016861e+03
1.540097887020415783e+03
1.541232365972814478e+03
1.542366844925213400e+03
1.543501323877612094e+03
1.544635802830011016e+03
1.545770281782409938e+03
1.546904760734808406e+03
1.548039239687207328e+03
1.549173718639606022e+03
1.550308197592004944e+03
1.551442676544403867e+03
1.552577155496802561e+03
1.553711634449201483e+03
1.554846113401600178e+03
1.555980592353998873e+03
1.557115071306397795e+03
1.558249550258796717e+03
1.559384029211195411e+03
1.560518508163594106e+03
1.561652987115993028e+03
1.562787466068391723e+03
1.563921945020790645e+03
1.565056423973189339e+03
1.566190902925588261e+03
1.567325381877987184e+03
1.568459860830385651e+03
1.569594339782784573e+03
1.570728818735183268e+03
1.571863297687582190e+03
1.572997776639981112e+03
1.574132255592379579e+03
1.575266734544778728e+03
1.576401213497177423e+03
1.577535692449576118e+03
1.578670171401975040e+03
1.579804650354373734e+03
1.580939129306772656e+03
1.582073608259171351e+03
1.583208087211570046e+03
1.584342566163968968e+03
1.585477045116367890e+03
1.586611524068766585e+03
1.587746003021165507e+03
1.588880481973564429e+03
1.590014960925962896e+03
1.591149439878361818e+03
1.592283918830760513e+03
1.593418397783159435e+03
1.594552876735558357e+03
1.595687355687956824e+03
1.596821834640355974e+03
1.597956313592754668e+03
1.599090792545153363e+03
1.600225271497552285e+03
1.601359750449950980e+03
1.602494229402349902e+03
1.603628708354748596e+03
1.604763187307147291e+03
1.605897666259546213e+03
1.607032145211945135e+03
1.608166624164343830e+03
1.609301103116742752e+03
1.610435582069141446e+03
1.611570061021540141e+03
1.612704539973939063e+03
1.613839018926337758e+03
1.614973497878736680e+03
1.616107976831135602e+03
1.617242455783534069e+03
1.618376934735932991e+03
1.619511413688331913e+03
1.620645892640730608e+03
1.621780371593129530e+03
1.622914850545528225e+03
1.624049329497927147e+03
1.625183808450325841e+03
1.626318287402724536e+03
1.627452766355123458e+03
1.628587245307522380e+03
1.629721724259921075e+03
1.630856203212319770e+03
1.631990682164718692e+03
1.633125161117117386e+03
1.634259640069516308e+03
1.635394119021915003e+03
1.636528597974313925e+03
1.637663076926712847e+03
1.638797555879111314e+03
1.639932034831510236e+03
1.641066513783908931e+03
1.642200992736307853e+03
1.643335471688706775e+03
1.644469950641105470e+03
1.645604429593504392e+03
1.646738908545903087e+03
1.647873387498301781e+03
1.649007866450700703e+03
1.650142345403099625e+03
1.651276824355498320e+03
1.652411303307897015e+03
1.653545782260295937e+03
1.654680261212694631e+03
1.655814740165093554e+03
1.656949219117492248e+03
1.658083698069891170e+03
1.659218177022290092e+03
1.660352655974688560e+03
1.661487134927087482e+03
1.662621613879486176e+03
1.663756092831885098e+03
1.664890571784284020e+03
1.666025050736682715e+03
1.667159529689081637e+03
1.668294008641480332e+03
1.669428487593879026e+03
1.670562966546277949e+03
1.671697445498676643e+03
1.672831924451075565e+03
1.673966403403474260e+03
1.675100882355872955e+03
1.676235361308271877e+03
1.677369840260670799e+03
1.678504319213069493e+03
1.679638798165468415e+03
1.680773277117867337e+03
1.681907756070265805e+03
1.683042235022664727e+03
1.684176713975063421e+03
1.685311192927462344e+03
1.686445671879861266e+03
1.687580150832259733e+03
1.688714629784658882e+03
1.689849108737057577e+03
1.690983587689456272e+03
1.692118066641855194e+03
1.693252545594253888e+03
1.694387024546652810e+03
1.695521503499051505e+03
1.696655982451450200e+03
1.697790461403849122e+03
1.698924940356248044e+03
1.700059419308646739e+03
1.701193898261045661e+03
1.702328377213444355e+03
1.703462856165843050e+03
1.704597335118241972e+03
1.705731814070640667e+03
1.706866293023039589e+03
1.708000771975438511e+03
1.709135250927836978e+03
1.710269729880235900e+03
1.711404208832634822e+03
1.712538687785033517e+03
1.713673166737432439e+03
1.714807645689831133e+03
1.715942124642230056e+03
1.717076603594628750e+03
1.718211082547027445e+03
1.719345561499426367e+03
1.720480040451825289e+03
1.721614519404223984e+03
1.722748998356622906e+03
1.723883477309021600e+03
1.725017956261420295e+03
1.726152435213819217e+03
1.727286914166217912e+03
1.728421393118616834e+03
1.729555872071015756e+03
1.730690351023414223e+03
1.731824829975813145e+03
1.732959308928212067e+03
1.734093787880610762e+03
1.735228266833009684e+03
1.736362745785408379e+03
1.737497224737807301e+03
1.738631703690205995e+03
1.739766182642604690e+03
1.740900661595003612e+03
1.742035140547402534e+03
1.743169619499801229e+03
1.744304098452200151e+03
1.745438577404598618e+03
1.746573056356997540e+03
1.747707535309396462e+03
1.748842014261795157e+03
1.749976493214194079e+03
1.751110972166593001e+03
1.752245451118991468e+03
1.753379930071390390e+03
1.754514409023789085e+03
1.755648887976188007e+03
1.756783366928586929e+03
1.757917845880985624e+03
1.759052324833384546e+03
1.760186803785783241e+03
1.761321282738181935e+03
1.762455761690580857e+03
1.763590240642979779e+03
1.764724719595378474e+03
1.765859198547777169e+03
1.766993677500175863e+03
1.768128156452574785e+03
1.769262635404973707e+03
1.770397114357372402e+03
1.771531593309771324e+03
1.772666072262170246e+03
1.773800551214568713e+03
1.774935030166967636e+03
1.776069509119366330e+03
1.777203988071765252e+03
1.778338467024164174e+03
1.779472945976562869e+03
1.780607424928961791e+03
1.781741903881360486e+03
1.782876382833759180e+03
1.784010861786158102e+03
1.785145340738556797e+03
1.786279819690955719e+03
1.787414298643354414e+03
1.788548777595753108e+03
1.789683256548152031e+03
