1.789699218750000000e+03
1.790197143554687500e+03
1.790695312500000000e+03
1.791193481445312500e+03
1.791691528320312500e+03
1.792189575195312500e+03
1.792687744140625000e+03
1.793185913085937500e+03
1.793683959960937500e+03
1.794182006835937500e+03
1.794680297851562500e+03
1.795178222656250000e+03
1.795676391601562500e+03
1.796174560546875000e+03
1.796672607421875000e+03
1.797170654296875000e+03
1.797668823242187500e+03
1.798166992187500000e+03
1.798665039062500000e+03
1.799163085937500000e+03
1.799661376953125000e+03
1.800159301757812500e+03
1.800657470703125000e+03
1.801155639648437500e+03
1.801653686523437500e+03
1.802151733398437500e+03
1.802650024414062500e+03
1.803148071289062500e+03
1.803646118164062500e+03
1.804144165039062500e+03
1.804642456054687500e+03
1.805140380859375000e+03
1.805638549804687500e+03
1.806136718750000000e+03
1.806634765625000000e+03
1.807132812500000000e+03
1.807631103515625000e+03
1.808129028320312500e+03
1.808627197265625000e+03
1.809125244140625000e+03
1.809623535156250000e+03
1.810121459960937500e+03
1.810619628906250000e+03
1.811117797851562500e+03
1.811615844726562500e+03
1.812113891601562500e+03
1.812612182617187500e+03
1.813110107421875000e+03
1.813608276367187500e+03
1.814106445312500000e+03
1.814604614257812500e+03
1.815102539062500000e+03
1.815600708007812500e+03
1.816098876953125000e+03
1.816596923828125000e+03
1.817094970703125000e+03
1.817593261718750000e+03
1.818091186523437500e+03
1.818589355468750000e+03
1.819087524414062500e+03
1.819585571289062500e+03
1.820083618164062500e+03
1.820581787109375000e+03
1.821079956054687500e+03
1.821577880859375000e+03
1.822076049804687500e+03
1.822574218750000000e+03
1.823072265625000000e+03
1.823570312500000000e+03
1.824068603515625000e+03
1.824566528320312500e+03
1.825064697265625000e+03
1.825562866210937500e+03
1.826061035156250000e+03
1.826558959960937500e+03
1.827057128906250000e+03
1.827555297851562500e+03
1.828053344726562500e+03
1.828551391601562500e+03
1.829049682617187500e+03
1.829547607421875000e+03
1.830045776367187500e+03
1.830543945312500000e+03
1.831041992187500000e+03
1.831540039062500000e+03
1.832038208007812500e+03
1.832536376953125000e+03
1.833034423828125000e+03
1.833532470703125000e+03
1.834030761718750000e+03
1.834528686523437500e+03
1.835026855468750000e+03
1.835525024414062500e+03
1.836023071289062500e+03
1.836521118164062500e+03
1.837019409179687500e+03
1.837517456054687500e+03
1.838015502929687500e+03
1.838513549804687500e+03
1.839011840820312500e+03
1.839509765625000000e+03
1.840007934570312500e+03
1.840506103515625000e+03
1.841004150390625000e+03
1.841502197265625000e+03
1.842000488281250000e+03
1.842498413085937500e+03
1.842996582031250000e+03
1.843494628906250000e+03
1.843992919921875000e+03
1.844490844726562500e+03
1.844989013671875000e+03
1.845487182617187500e+03
1.845985229492187500e+03
1.846483276367187500e+03
1.846981567382812500e+03
1.847479492187500000e+03
1.847977661132812500e+03
1.848475830078125000e+03
1.848973999023437500e+03
1.849471923828125000e+03
1.849970092773437500e+03
1.850468261718750000e+03
1.850966308593750000e+03
1.851464355468750000e+03
1.851962646484375000e+03
1.852460571289062500e+03
1.852958740234375000e+03
1.853456909179687500e+03
1.853954956054687500e+03
1.854453002929687500e+03
1.854951171875000000e+03
1.855449340820312500e+03
1.855947387695312500e+03
1.856445434570312500e+03
1.856943725585937500e+03
1.857441650390625000e+03
1.857939819335937500e+03
1.858437988281250000e+03
1.858936035156250000e+03
1.859434082031250000e+03
1.859932373046875000e+03
1.860430419921875000e+03
1.860928466796875000e+03
1.861426513671875000e+03
1.861924804687500000e+03
1.862422729492187500e+03
1.862920776367187500e+03
1.863419067382812500e+03
1.863916992187500000e+03
1.864415161132812500e+03
1.864913330078125000e+03
1.865411499023437500e+03
1.865909423828125000e+03
1.866407592773437500e+03
1.866905761718750000e+03
1.867403808593750000e+03
1.867901855468750000e+03
1.868400146484375000e+03
1.868898071289062500e+03
1.869396240234375000e+03
1.869894409179687500e+03
1.870392456054687500e+03
1.870890502929687500e+03
1.871388671875000000e+03
1.871886840820312500e+03
1.872384887695312500e+03
1.872882934570312500e+03
1.873381225585937500e+03
1.873879150390625000e+03
1.874377319335937500e+03
1.874875488281250000e+03
1.875373535156250000e+03
1.875871582031250000e+03
1.876369873046875000e+03
1.876867919921875000e+03
1.877365966796875000e+03
1.877864013671875000e+03
1.878362304687500000e+03
1.878860229492187500e+03
1.879358398437500000e+03
1.879856567382812500e+03
1.880354614257812500e+03
1.880852661132812500e+03
1.881350952148437500e+03
1.881848876953125000e+03
1.882347045898437500e+03
1.882845092773437500e+03
1.883343383789062500e+03
1.883841308593750000e+03
1.884339477539062500e+03
1.884837646484375000e+03
1.885335693359375000e+03
1.885833740234375000e+03
1.886332031250000000e+03
1.886829956054687500e+03
1.887328125000000000e+03
1.887826293945312500e+03
1.888324462890625000e+03
1.888822387695312500e+03
1.889320556640625000e+03
1.889818725585937500e+03
1.890316772460937500e+03
1.890814819335937500e+03
1.891313110351562500e+03
1.891811035156250000e+03
1.892309204101562500e+03
1.892807373046875000e+03
1.893305419921875000e+03
1.893803466796875000e+03
1.894301635742187500e+03
1.894799804687500000e+03
1.895297851562500000e+03
1.895795898437500000e+03
1.896294189453125000e+03
1.896792114257812500e+03
1.897290283203125000e+03
1.897788452148437500e+03
1.898286499023437500e+03
1.898784545898437500e+03
1.899282836914062500e+03
1.899780883789062500e+03
1.900278930664062500e+03
1.900776977539062500e+03
1.901275268554687500e+03
1.901773193359375000e+03
1.902271362304687500e+03
1.902769531250000000e+03
1.903267578125000000e+03
1.903765625000000000e+03
1.904263793945312500e+03
1.904761840820312500e+03
1.905259887695312500e+03
1.905758056640625000e+03
1.906256225585937500e+03
1.906754272460937500e+03
1.907252319335937500e+03
1.907750610351562500e+03
1.908248535156250000e+03
1.908746704101562500e+03
1.909244873046875000e+03
1.909742919921875000e+03
1.910240966796875000e+03
1.910739257812500000e+03
1.911237304687500000e+03
1.911735351562500000e+03
1.912233398437500000e+03
1.912731689453125000e+03
1.913229614257812500e+03
1.913727783203125000e+03
1.914225952148437500e+03
1.914723999023437500e+03
1.915222045898437500e+03
1.915720336914062500e+03
1.916218261718750000e+03
1.916716430664062500e+03
1.917214477539062500e+03
1.917712768554687500e+03
1.918210693359375000e+03
1.918708862304687500e+03
1.919207031250000000e+03
1.919705078125000000e+03
1.920203125000000000e+03
1.920701416015625000e+03
1.921199340820312500e+03
1.921697509765625000e+03
1.922195678710937500e+03
1.922693847656250000e+03
1.923191772460937500e+03
1.923689941406250000e+03
1.924188110351562500e+03
1.924686157226562500e+03
1.925184204101562500e+03
1.925682495117187500e+03
1.926180419921875000e+03
1.926678588867187500e+03
1.927176757812500000e+03
1.927674926757812500e+03
1.928172851562500000e+03
1.928671020507812500e+03
1.929169189453125000e+03
1.929667236328125000e+03
1.930165283203125000e+03
1.930663574218750000e+03
1.931161499023437500e+03
1.931659667968750000e+03
1.932157836914062500e+03
1.932655883789062500e+03
1.933153930664062500e+03
1.933652221679687500e+03
1.934150268554687500e+03
1.934648315429687500e+03
1.935146362304687500e+03
1.935644653320312500e+03
1.936142578125000000e+03
1.936640747070312500e+03
1.937138916015625000e+03
1.937636962890625000e+03
1.938135009765625000e+03
1.938633300781250000e+03
1.939131347656250000e+03
1.939629394531250000e+03
1.940127441406250000e+03
1.940625732421875000e+03
1.941123657226562500e+03
1.941621826171875000e+03
1.942119995117187500e+03
1.942618041992187500e+03
1.943116088867187500e+03
1.943614379882812500e+03
1.944112304687500000e+03
1.944610473632812500e+03
1.945108642578125000e+03
1.945606689453125000e+03
1.946104736328125000e+03
1.946602783203125000e+03
1.947101074218750000e+03
1.947598999023437500e+03
1.948097167968750000e+03
1.948595336914062500e+03
1.949093383789062500e+03
1.949591430664062500e+03
1.950089721679687500e+03
1.950587768554687500e+03
1.951085815429687500e+03
1.951583862304687500e+03
1.952082153320312500e+03
1.952580078125000000e+03
1.953078247070312500e+03
1.953576416015625000e+03
1.954074462890625000e+03
1.954572509765625000e+03
1.955070800781250000e+03
1.955568725585937500e+03
1.956066894531250000e+03
1.956565063476562500e+03
1.957063232421875000e+03
1.957561157226562500e+03
1.958059326171875000e+03
1.958557495117187500e+03
1.959055541992187500e+03
1.959553588867187500e+03
1.960051879882812500e+03
1.960549804687500000e+03
1.961047973632812500e+03
1.961546142578125000e+03
1.962044311523437500e+03
1.962542236328125000e+03
1.963040405273437500e+03
1.963538574218750000e+03
1.964036621093750000e+03
1.964534667968750000e+03
1.965032958984375000e+03
1.965530883789062500e+03
1.966029052734375000e+03
1.966527221679687500e+03
1.967025268554687500e+03
1.967523315429687500e+03
1.968021606445312500e+03
1.968519653320312500e+03
1.969017700195312500e+03
1.969515747070312500e+03
1.970014038085937500e+03
1.970511962890625000e+03
1.971010131835937500e+03
1.971508300781250000e+03
1.972006347656250000e+03
1.972504394531250000e+03
1.973002685546875000e+03
1.973500732421875000e+03
1.973998779296875000e+03
1.974496826171875000e+03
1.974995117187500000e+03
1.975493041992187500e+03
1.975991210937500000e+03
1.976489379882812500e+03
1.976987426757812500e+03
1.977485473632812500e+03
1.977983764648437500e+03
1.978481689453125000e+03
1.978979858398437500e+03
1.979478027343750000e+03
1.979976196289062500e+03
1.980474121093750000e+03
1.980972290039062500e+03
1.981470458984375000e+03
1.981968505859375000e+03
1.982466552734375000e+03
1.982964843750000000e+03
1.983462768554687500e+03
1.983960937500000000e+03
1.984459106445312500e+03
1.984957275390625000e+03
1.985455200195312500e+03
1.985953369140625000e+03
1.986451538085937500e+03
1.986949462890625000e+03
1.987447631835937500e+03
1.987945800781250000e+03
1.988443847656250000e+03
1.988941894531250000e+03
1.989440185546875000e+03
1.989938232421875000e+03
1.990436279296875000e+03
1.990934448242187500e+03
1.991432617187500000e+03
1.991930541992187500e+03
1.992428710937500000e+03
1.992926757812500000e+03
1.993425048828125000e+03
1.993923095703125000e+03
1.994421264648437500e+03
1.994919189453125000e+03
1.995417358398437500e+03
1.995915405273437500e+03
1.996413574218750000e+03
1.996911743164062500e+03
1.997409912109375000e+03
1.997907958984375000e+03
1.998406005859375000e+03
1.998904052734375000e+03
1.999402221679687500e+03
1.999900146484375000e+03
2.000398559570312500e+03
2.000896606445312500e+03
2.001394775390625000e+03
2.001892700195312500e+03
2.002390869140625000e+03
2.002888916015625000e+03
2.003387207031250000e+03
2.003885253906250000e+03
2.004383422851562500e+03
2.004881347656250000e+03
2.005379516601562500e+03
2.005877563476562500e+03
2.006375732421875000e+03
2.006873901367187500e+03
2.007372070312500000e+03
2.007870117187500000e+03
2.008368164062500000e+03
2.008866210937500000e+03
2.009364379882812500e+03
2.009862548828125000e+03
2.010360717773437500e+03
2.010858764648437500e+03
2.011356811523437500e+03
2.011854858398437500e+03
2.012353027343750000e+03
2.012851074218750000e+03
2.013349365234375000e+03
2.013847412109375000e+03
2.014345581054687500e+03
2.014843505859375000e+03
2.015341674804687500e+03
2.015839721679687500e+03
2.016338012695312500e+03
2.016836059570312500e+03
2.017334228515625000e+03
2.017832153320312500e+03
2.018330322265625000e+03
2.018828369140625000e+03
2.019326538085937500e+03
2.019824707031250000e+03
2.020322875976562500e+03
2.020820922851562500e+03
2.021318969726562500e+03
2.021817016601562500e+03
2.022315185546875000e+03
2.022813110351562500e+03
2.023311523437500000e+03
2.023809570312500000e+03
2.024307739257812500e+03
2.024805664062500000e+03
2.025303833007812500e+03
2.025801879882812500e+03
2.026300170898437500e+03
2.026798217773437500e+03
2.027296386718750000e+03
2.027794311523437500e+03
2.028292358398437500e+03
2.028790527343750000e+03
2.029288574218750000e+03
2.029786865234375000e+03
2.030284912109375000e+03
2.030783081054687500e+03
2.031281005859375000e+03
2.031779174804687500e+03
2.032277221679687500e+03
2.032775512695312500e+03
2.033273559570312500e+03
2.033771728515625000e+03
2.034269653320312500e+03
2.034767822265625000e+03
2.035265869140625000e+03
2.035764038085937500e+03
2.036262207031250000e+03
2.036760375976562500e+03
2.037258422851562500e+03
2.037756469726562500e+03
2.038254516601562500e+03
2.038752685546875000e+03
2.039250854492187500e+03
2.039749023437500000e+03
2.040246948242187500e+03
2.040745117187500000e+03
2.041243164062500000e+03
2.041741333007812500e+03
2.042239379882812500e+03
2.042737792968750000e+03
2.043235595703125000e+03
2.043733764648437500e+03
2.044231811523437500e+03
2.044729980468750000e+03
2.045228027343750000e+03
2.045726196289062500e+03
2.046224487304687500e+03
2.046722412109375000e+03
2.047220458984375000e+03
2.047718627929687500e+03
2.048216796875000000e+03
2.048714843750000000e+03
2.049213134765625000e+03
2.049711181640625000e+03
2.050209228515625000e+03
2.050707275390625000e+03
2.051205322265625000e+03
2.051703369140625000e+03
2.052201660156250000e+03
2.052699951171875000e+03
2.053197753906250000e+03
2.053695800781250000e+03
2.054194091796875000e+03
2.054692138671875000e+03
2.055190185546875000e+03
2.055688476562500000e+03
2.056186767578125000e+03
2.056684570312500000e+03
2.057182617187500000e+03
2.057680664062500000e+03
2.058178955078125000e+03
2.058677001953125000e+03
2.059175292968750000e+03
2.059673095703125000e+03
2.060171386718750000e+03
2.060669433593750000e+03
2.061167480468750000e+03
2.061665527343750000e+03
2.062164062500000000e+03
2.062662109375000000e+03
2.063159912109375000e+03
2.063657958984375000e+03
2.064156250000000000e+03
2.064654296875000000e+03
2.065152343750000000e+03
2.065650634765625000e+03
2.066148681640625000e+03
2.066646728515625000e+03
2.067144775390625000e+03
2.067642822265625000e+03
2.068141113281250000e+03
2.068639160156250000e+03
2.069137451171875000e+03
2.069635253906250000e+03
2.070133300781250000e+03
2.070631591796875000e+03
2.071129638671875000e+03
2.071627685546875000e+03
2.072125976562500000e+03
2.072624267578125000e+03
2.073122070312500000e+03
2.073620117187500000e+03
2.074118164062500000e+03
2.074616455078125000e+03
2.075114501953125000e+03
2.075612792968750000e+03
2.076110595703125000e+03
2.076608886718750000e+03
2.077106933593750000e+03
2.077604980468750000e+03
2.078103027343750000e+03
2.078601562500000000e+03
2.079099609375000000e+03
2.079597412109375000e+03
2.080095458984375000e+03
2.080593750000000000e+03
2.081091796875000000e+03
2.081589843750000000e+03
2.082088134765625000e+03
2.082586181640625000e+03
2.083084228515625000e+03
2.083582275390625000e+03
2.084080322265625000e+03
2.084578613281250000e+03
2.085076904296875000e+03
2.085574951171875000e+03
2.086072753906250000e+03
2.086571044921875000e+03
2.087069091796875000e+03
2.087567138671875000e+03
2.088065185546875000e+03
2.088563720703125000e+03
2.089061523437500000e+03
2.089559570312500000e+03
2.090057617187500000e+03
2.090555908203125000e+03
2.091053955078125000e+03
2.091552001953125000e+03
2.092050292968750000e+03
2.092548339843750000e+03
2.093046386718750000e+03
2.093544433593750000e+03
2.094042480468750000e+03
2.094540771484375000e+03
2.095039062500000000e+03
2.095537109375000000e+03
2.096034912109375000e+03
2.096533203125000000e+03
2.097031250000000000e+03
2.097529296875000000e+03
2.098027343750000000e+03
2.098525878906250000e+03
2.099023681640625000e+03
2.099521728515625000e+03
2.100019775390625000e+03
2.100518066406250000e+03
2.101016113281250000e+03
2.101514404296875000e+03
2.102012451171875000e+03
2.102510498046875000e+03
2.103008544921875000e+03
2.103506591796875000e+03
2.104004638671875000e+03
2.104502929687500000e+03
2.105001220703125000e+03
2.105499023437500000e+03
2.105997070312500000e+03
2.106495361328125000e+03
2.106993408203125000e+03
2.107491455078125000e+03
2.107989501953125000e+03
2.108488037109375000e+03
2.108985839843750000e+03
2.109483886718750000e+03
2.109981933593750000e+03
2.110480224609375000e+03
2.110978271484375000e+03
2.111476562500000000e+03
2.111974609375000000e+03
2.112472412109375000e+03
2.112970703125000000e+03
2.113468750000000000e+03
2.113966796875000000e+03
2.114464843750000000e+03
2.114963378906250000e+03
2.115461181640625000e+03
2.115959228515625000e+03
2.116457275390625000e+03
2.116955566406250000e+03
2.117453613281250000e+03
2.117951904296875000e+03
2.118449951171875000e+03
2.118947998046875000e+03
2.119446044921875000e+03
2.119944091796875000e+03
2.120442138671875000e+03
2.120940429687500000e+03
2.121438720703125000e+03
2.121936523437500000e+03
2.122434570312500000e+03
2.122932861328125000e+03
2.123430908203125000e+03
2.123928955078125000e+03
2.124427246093750000e+03
2.124925537109375000e+03
2.125423339843750000e+03
2.125921386718750000e+03
2.126419433593750000e+03
2.126917724609375000e+03
2.127415771484375000e+03
2.127914062500000000e+03
2.128411865234375000e+03
2.128910156250000000e+03
2.129408203125000000e+03
2.129906250000000000e+03
2.130404296875000000e+03
2.130902587890625000e+03
2.131400878906250000e+03
2.131898681640625000e+03
2.132396728515625000e+03
2.132895019531250000e+03
2.133393066406250000e+03
2.133891113281250000e+03
2.134389404296875000e+03
2.134887695312500000e+03
2.135385498046875000e+03
2.135883544921875000e+03
2.136381591796875000e+03
2.136879882812500000e+03
2.137377929687500000e+03
2.137876220703125000e+03
2.138374023437500000e+03
2.138872314453125000e+03
2.139370361328125000e+03
2.139868408203125000e+03
2.140366455078125000e+03
2.140864990234375000e+03
2.141363037109375000e+03
2.141860839843750000e+03
2.142358886718750000e+03
2.142857177734375000e+03
2.143355224609375000e+03
2.143853271484375000e+03
2.144351562500000000e+03
2.144849609375000000e+03
2.145347656250000000e+03
2.145845703125000000e+03
2.146343750000000000e+03
2.146842041015625000e+03
2.147340332031250000e+03
2.147838378906250000e+03
2.148336181640625000e+03
2.148834472656250000e+03
2.149332519531250000e+03
2.149830566406250000e+03
2.150328613281250000e+03
2.150827148437500000e+03
2.151324951171875000e+03
2.151822998046875000e+03
2.152321044921875000e+03
2.152819091796875000e+03
2.153317382812500000e+03
2.153815429687500000e+03
2.154313720703125000e+03
2.154811523437500000e+03
2.155309814453125000e+03
2.155807861328125000e+03
2.156305908203125000e+03
2.156803955078125000e+03
2.157302490234375000e+03
2.157800537109375000e+03
2.158298339843750000e+03
2.158796386718750000e+03
2.159294677734375000e+03
2.159792724609375000e+03
2.160290771484375000e+03
2.160789062500000000e+03
2.161287109375000000e+03
2.161785156250000000e+03
2.162283203125000000e+03
2.162781250000000000e+03
2.163279541015625000e+03
2.163777832031250000e+03
2.164275878906250000e+03
2.164773681640625000e+03
2.165271972656250000e+03
2.165770019531250000e+03
2.166268066406250000e+03
2.166766113281250000e+03
2.167264648437500000e+03
2.167762451171875000e+03
2.168260498046875000e+03
2.168758544921875000e+03
2.169256835937500000e+03
2.169754882812500000e+03
2.170253173828125000e+03
2.170751220703125000e+03
2.171249267578125000e+03
2.171747314453125000e+03
2.172245361328125000e+03
2.172743408203125000e+03
2.173241699218750000e+03
2.173739990234375000e+03
2.174238037109375000e+03
2.174735839843750000e+03
2.175234130859375000e+03
2.175732177734375000e+03
2.176230224609375000e+03
2.176728271484375000e+03
2.177226806640625000e+03
2.177724609375000000e+03
2.178222656250000000e+03
2.178720703125000000e+03
2.179218994140625000e+03
2.179717041015625000e+03
2.180215332031250000e+03
2.180713378906250000e+03
2.181211425781250000e+03
2.181709472656250000e+03
2.182207519531250000e+03
2.182705566406250000e+03
2.183203857421875000e+03
2.183702148437500000e+03
2.184199951171875000e+03
2.184697998046875000e+03
2.185196289062500000e+03
2.185694335937500000e+03
2.186192382812500000e+03
2.186690673828125000e+03
2.187188964843750000e+03
2.187686767578125000e+03
2.188184814453125000e+03
2.188682861328125000e+03
2.189181152343750000e+03
2.189679199218750000e+03
2.190177490234375000e+03
2.190675292968750000e+03
2.191173583984375000e+03
2.191671630859375000e+03
2.192169677734375000e+03
2.192667724609375000e+03
2.193166015625000000e+03
2.193664306640625000e+03
2.194162109375000000e+03
2.194660156250000000e+03
2.195158203125000000e+03
2.195656494140625000e+03
2.196154541015625000e+03
2.196652832031250000e+03
2.197150878906250000e+03
2.197648925781250000e+03
2.198146972656250000e+03
2.198645019531250000e+03
2.199143066406250000e+03
2.199641357421875000e+03
2.200139648437500000e+03
2.200637451171875000e+03
2.201135498046875000e+03
2.201633789062500000e+03
2.202131835937500000e+03
2.202629882812500000e+03
2.203128173828125000e+03
2.203626464843750000e+03
2.204124267578125000e+03
2.204622314453125000e+03
2.205120361328125000e+03
2.205618652343750000e+03
2.206116699218750000e+03
2.206614990234375000e+03
2.207112792968750000e+03
2.207611083984375000e+03
2.208109130859375000e+03
2.208607177734375000e+03
2.209105224609375000e+03
2.209603759765625000e+03
2.210101806640625000e+03
2.210599609375000000e+03
2.211097656250000000e+03
2.211595947265625000e+03
2.212093994140625000e+03
2.212592041015625000e+03
2.213090332031250000e+03
2.213588378906250000e+03
2.214086425781250000e+03
2.214584472656250000e+03
2.215082519531250000e+03
2.215580810546875000e+03
2.216079101562500000e+03
2.216577148437500000e+03
2.217074951171875000e+03
2.217573242187500000e+03
2.218071289062500000e+03
2.218569335937500000e+03
2.219067382812500000e+03
2.219565917968750000e+03
2.220063964843750000e+03
2.220561767578125000e+03
2.221059814453125000e+03
2.221558105468750000e+03
2.222056152343750000e+03
2.222554199218750000e+03
2.223052490234375000e+03
2.223550537109375000e+03
2.224048583984375000e+03
2.224546630859375000e+03
2.225044677734375000e+03
2.225542968750000000e+03
2.226041259765625000e+03
2.226539306640625000e+03
2.227037109375000000e+03
2.227535400390625000e+03
2.228033447265625000e+03
2.228531494140625000e+03
2.229029541015625000e+03
2.229528076171875000e+03
2.230025878906250000e+03
2.230523925781250000e+03
2.231021972656250000e+03
2.231520263671875000e+03
2.232018310546875000e+03
2.232516601562500000e+03
2.233014648437500000e+03
2.233512695312500000e+03
2.234010742187500000e+03
2.234508789062500000e+03
2.235006835937500000e+03
2.235504882812500000e+03
2.236003417968750000e+03
2.236501464843750000e+03
2.236999267578125000e+03
2.237497314453125000e+03
2.237995605468750000e+03
2.238493652343750000e+03
2.238991699218750000e+03
2.239489990234375000e+03
2.239988037109375000e+03
2.240486083984375000e+03
2.240984130859375000e+03
2.241482177734375000e+03
2.241980468750000000e+03
2.242478759765625000e+03
2.242976806640625000e+03
2.243474609375000000e+03
2.243972900390625000e+03
2.244470947265625000e+03
2.244968994140625000e+03
2.245467041015625000e+03
2.245965576171875000e+03
2.246463378906250000e+03
2.246961425781250000e+03
2.247459472656250000e+03
2.247957763671875000e+03
2.248455810546875000e+03
2.248954101562500000e+03
2.249452148437500000e+03
2.249950195312500000e+03
2.250448242187500000e+03
2.250946289062500000e+03
2.251444335937500000e+03
2.251942626953125000e+03
2.252440917968750000e+03
2.252938720703125000e+03
2.253436767578125000e+03
2.253935058593750000e+03
2.254433105468750000e+03
2.254931152343750000e+03
2.255429443359375000e+03
2.255927734375000000e+03
2.256425537109375000e+03
2.256923583984375000e+03
2.257421630859375000e+03
2.257919921875000000e+03
2.258417968750000000e+03
2.258916259765625000e+03
2.259414306640625000e+03
2.259912353515625000e+03
2.260410400390625000e+03
2.260908447265625000e+03
2.261406494140625000e+03
2.261904785156250000e+03
2.262403076171875000e+03
2.262900878906250000e+03
2.263398925781250000e+03
2.263897216796875000e+03
2.264395263671875000e+03
2.264893310546875000e+03
2.265391601562500000e+03
2.265889892578125000e+03
2.266387695312500000e+03
2.266885742187500000e+03
2.267383789062500000e+03
2.267882080078125000e+03
2.268380126953125000e+03
2.268878417968750000e+03
2.269376220703125000e+03
2.269874511718750000e+03
2.270372558593750000e+03
2.270870605468750000e+03
2.271368652343750000e+03
2.271867187500000000e+03
2.272365234375000000e+03
2.272863037109375000e+03
2.273361083984375000e+03
2.273859375000000000e+03
2.274357421875000000e+03
2.274855468750000000e+03
2.275353759765625000e+03
2.275851806640625000e+03
2.276349853515625000e+03
2.276847900390625000e+03
2.277345947265625000e+03
2.277843994140625000e+03
2.278342529296875000e+03
2.278840576171875000e+03
2.279338378906250000e+03
2.279836425781250000e+03
2.280334716796875000e+03
2.280832763671875000e+03
2.281330810546875000e+03
2.281829101562500000e+03
2.282327392578125000e+03
2.282825195312500000e+03
2.283323242187500000e+03
2.283821289062500000e+03
2.284319580078125000e+03
2.284817626953125000e+03
2.285315917968750000e+03
2.285813720703125000e+03
2.286312011718750000e+03
2.286810058593750000e+03
2.287308105468750000e+03
2.287806152343750000e+03
2.288304687500000000e+03
2.288802734375000000e+03
2.289300537109375000e+03
2.289798583984375000e+03
2.290296875000000000e+03
2.290794921875000000e+03
2.291292968750000000e+03
2.291791259765625000e+03
2.292289306640625000e+03
2.292787353515625000e+03
2.293285400390625000e+03
2.293783447265625000e+03
2.294281738281250000e+03
2.294780029296875000e+03
2.295278076171875000e+03
2.295775878906250000e+03
2.296274169921875000e+03
2.296772216796875000e+03
2.297270263671875000e+03
2.297768310546875000e+03
2.298266845703125000e+03
2.298764892578125000e+03
2.299262695312500000e+03
2.299760742187500000e+03
2.300259033203125000e+03
2.300757080078125000e+03
2.301255371093750000e+03
2.301753417968750000e+03
2.302251464843750000e+03
2.302749511718750000e+03
2.303247558593750000e+03
2.303745605468750000e+03
2.304243896484375000e+03
2.304742187500000000e+03
2.305240234375000000e+03
2.305738037109375000e+03
2.306236328125000000e+03
2.306734375000000000e+03
2.307232421875000000e+03
2.307730468750000000e+03
2.308229003906250000e+03
2.308726806640625000e+03
2.309224853515625000e+03
2.309722900390625000e+03
2.310221191406250000e+03
2.310719238281250000e+03
2.311217529296875000e+03
2.311715576171875000e+03
2.312213623046875000e+03
2.312711669921875000e+03
2.313209716796875000e+03
2.313707763671875000e+03
2.314206054687500000e+03
2.314704345703125000e+03
2.315202148437500000e+03
2.315700195312500000e+03
2.316198486328125000e+03
2.316696533203125000e+03
2.317194580078125000e+03
2.317692871093750000e+03
2.318190917968750000e+03
2.318688964843750000e+03
2.319187011718750000e+03
2.319685058593750000e+03
2.320183105468750000e+03
2.320681396484375000e+03
2.321179687500000000e+03
2.321677734375000000e+03
2.322175537109375000e+03
2.322673828125000000e+03
2.323171875000000000e+03
2.323669921875000000e+03
2.324168212890625000e+03
2.324666503906250000e+03
2.325164306640625000e+03
2.325662353515625000e+03
2.326160400390625000e+03
2.326658691406250000e+03
2.327156738281250000e+03
2.327655029296875000e+03
2.328153076171875000e+03
2.328651123046875000e+03
2.329149169921875000e+03
2.329647216796875000e+03
2.330145263671875000e+03
2.330643554687500000e+03
2.331141845703125000e+03
2.331639648437500000e+03
2.332137695312500000e+03
2.332635986328125000e+03
2.333134033203125000e+03
2.333632080078125000e+03
2.334130371093750000e+03
2.334628662109375000e+03
2.335126464843750000e+03
2.335624511718750000e+03
2.336122558593750000e+03
2.336620849609375000e+03
2.337118896484375000e+03
2.337617187500000000e+03
2.338114990234375000e+03
2.338613281250000000e+03
2.339111328125000000e+03
2.339609375000000000e+03
2.340107421875000000e+03
2.340605957031250000e+03
2.341104003906250000e+03
2.341601806640625000e+03
2.342099853515625000e+03
2.342598144531250000e+03
2.343096191406250000e+03
2.343594238281250000e+03
2.344092529296875000e+03
2.344590820312500000e+03
2.345088623046875000e+03
2.345586669921875000e+03
2.346084716796875000e+03
2.346583007812500000e+03
2.347081298828125000e+03
2.347579345703125000e+03
2.348077148437500000e+03
2.348575439453125000e+03
2.349073486328125000e+03
2.349571533203125000e+03
2.350069580078125000e+03
2.350568115234375000e+03
2.351066162109375000e+03
2.351563964843750000e+03
2.352062011718750000e+03
2.352560302734375000e+03
2.353058349609375000e+03
2.353556396484375000e+03
2.354054687500000000e+03
2.354552734375000000e+03
2.355050781250000000e+03
2.355548828125000000e+03
2.356046875000000000e+03
2.356545166015625000e+03
2.357043457031250000e+03
2.357541503906250000e+03
2.358039306640625000e+03
2.358537597656250000e+03
2.359035644531250000e+03
2.359533691406250000e+03
2.360031738281250000e+03
2.360530029296875000e+03
2.361028320312500000e+03
2.361526123046875000e+03
2.362024169921875000e+03
2.362522216796875000e+03
2.363020507812500000e+03
2.363518798828125000e+03
2.364016845703125000e+03
2.364514648437500000e+03
2.365012939453125000e+03
2.365510986328125000e+03
2.366009033203125000e+03
2.366507080078125000e+03
2.367005615234375000e+03
2.367503662109375000e+03
2.368001464843750000e+03
2.368499511718750000e+03
2.368997802734375000e+03
2.369495849609375000e+03
2.369994140625000000e+03
2.370492187500000000e+03
2.370990234375000000e+03
2.371488281250000000e+03
2.371986328125000000e+03
2.372484375000000000e+03
2.372982666015625000e+03
2.373480957031250000e+03
2.373979003906250000e+03
2.374476806640625000e+03
2.374975097656250000e+03
2.375473144531250000e+03
2.375971191406250000e+03
2.376469238281250000e+03
2.376967773437500000e+03
2.377465576171875000e+03
2.377963623046875000e+03
2.378461669921875000e+03
2.378959960937500000e+03
2.379458007812500000e+03
2.379956298828125000e+03
2.380454345703125000e+03
2.380952392578125000e+03
2.381450439453125000e+03
2.381948486328125000e+03
2.382446533203125000e+03
2.382944824218750000e+03
2.383443115234375000e+03
2.383941162109375000e+03
2.384438964843750000e+03
2.384937255859375000e+03
2.385435302734375000e+03
2.385933349609375000e+03
2.386431640625000000e+03
2.386929931640625000e+03
2.387427734375000000e+03
2.387925781250000000e+03
2.388423828125000000e+03
2.388922119140625000e+03
2.389420166015625000e+03
2.389918457031250000e+03
2.390416503906250000e+03
2.390914550781250000e+03
2.391412597656250000e+03
2.391910644531250000e+03
2.392408691406250000e+03
2.392906982421875000e+03
2.393405273437500000e+03
2.393903076171875000e+03
2.394401123046875000e+03
2.394899414062500000e+03
2.395397460937500000e+03
2.395895507812500000e+03
2.396393798828125000e+03
2.396892089843750000e+03
2.397389892578125000e+03
2.397887939453125000e+03
2.398385986328125000e+03
2.398884277343750000e+03
2.399382324218750000e+03
2.399880615234375000e+03
2.400378417968750000e+03
2.400876464843750000e+03
2.401374755859375000e+03
2.401872802734375000e+03
2.402370849609375000e+03
2.402869140625000000e+03
2.403367431640625000e+03
2.403865234375000000e+03
2.404363281250000000e+03
2.404861328125000000e+03
2.405359619140625000e+03
2.405857666015625000e+03
2.406355957031250000e+03
2.406854003906250000e+03
2.407352050781250000e+03
2.407850097656250000e+03
2.408348144531250000e+03
2.408846191406250000e+03
2.409344726562500000e+03
2.409842773437500000e+03
2.410340576171875000e+03
2.410838623046875000e+03
2.411336914062500000e+03
2.411834960937500000e+03
2.412333007812500000e+03
2.412831298828125000e+03
2.413329589843750000e+03
2.413827392578125000e+03
2.414325439453125000e+03
2.414823486328125000e+03
2.415321777343750000e+03
2.415819824218750000e+03
2.416318115234375000e+03
2.416815917968750000e+03
2.417314208984375000e+03
2.417812255859375000e+03
2.418310302734375000e+03
2.418808349609375000e+03
2.419306884765625000e+03
2.419804931640625000e+03
2.420302734375000000e+03
2.420800781250000000e+03
2.421299072265625000e+03
2.421797119140625000e+03
2.422295166015625000e+03
2.422793457031250000e+03
2.423291748046875000e+03
2.423789550781250000e+03
2.424287597656250000e+03
2.424785644531250000e+03
2.425283935546875000e+03
2.425782226562500000e+03
2.426280273437500000e+03
2.426778076171875000e+03
2.427276367187500000e+03
2.427774414062500000e+03
2.428272460937500000e+03
2.428770507812500000e+03
2.429269042968750000e+03
2.429767089843750000e+03
2.430264892578125000e+03
2.430762939453125000e+03
2.431261230468750000e+03
2.431759277343750000e+03
2.432257568359375000e+03
2.432755615234375000e+03
2.433253662109375000e+03
2.433751708984375000e+03
2.434249755859375000e+03
2.434747802734375000e+03
2.435246093750000000e+03
2.435744384765625000e+03
2.436242431640625000e+03
